group_3_3_triangle.txt
environment.txt
1.5274 9.9561
8.24 0.80473
5.3981 4.409
1.5308 9.9511
8.2213 0.82823
5.4133 4.3905
1.534 9.9464
8.2023 0.85229
5.4291 4.3711
1.5371 9.9419
8.1828 0.87694
5.4456 4.3509
1.54 9.9377
8.1627 0.90223
5.4628 4.3298
1.5427 9.9337
8.1422 0.9282
5.4806 4.3077
1.5452 9.9301
8.1211 0.95489
5.4993 4.2846
1.5475 9.9267
8.0994 0.98235
5.5188 4.2605
1.5496 9.9236
8.077 1.0107
5.5391 4.2352
1.5515 9.9209
8.0539 1.0398
5.5603 4.2087
1.5531 9.9185
8.0301 1.07
5.5826 4.1809
1.5545 9.9164
8.0054 1.1012
5.6059 4.1517
1.5557 9.9147
7.9799 1.1335
5.6303 4.121
1.5565 9.9133
7.9534 1.1671
5.656 4.0888
1.5572 9.9123
7.9258 1.202
5.683 4.0548
1.5575 9.9118
7.8971 1.2383
5.7114 4.0189
1.5576 9.9116
7.8671 1.2763
5.7414 3.981
1.5573 9.9119
7.8358 1.3161
5.7731 3.9409
1.5568 9.9126
7.8028 1.3578
5.8067 3.8984
1.5559 9.9137
7.7682 1.4017
5.8423 3.8532
1.5547 9.9153
7.7316 1.4481
5.8802 3.805
1.5531 9.9175
7.6929 1.4972
5.9206 3.7536
1.5512 9.9201
7.6516 1.5495
5.9639 3.6984
1.5489 9.9233
7.6075 1.6055
6.0105 3.6391
1.5461 9.9271
7.56 1.6657
6.0609 3.5749
1.543 9.9314
7.5086 1.731
6.1157 3.505
1.5394 9.9363
7.4524 1.8023
6.1757 3.4284
1.5354 9.9419
7.3904 1.8811
6.2421 3.3436
1.5309 9.9482
7.3209 1.9694
6.3166 3.2485
1.5259 9.9551
7.2414 2.0703
6.4016 3.1399
1.5204 9.9628
7.1479 2.1891
6.5015 3.0123
1.5143 9.9713
7.0322 2.3362
6.6247 2.8549
1.5076 9.9805
6.8731 2.5388
6.7937 2.6389
1.5005 9.9904
6.8302 2.593
6.83 2.5932
1.4934 10
6.8302 2.593
6.83 2.5932
1.4863 10.01
6.8302 2.593
6.83 2.5932
1.4793 10.02
6.8302 2.593
6.83 2.5932
1.4722 10.03
6.8302 2.593
6.83 2.5932
1.4652 10.039
6.8302 2.593
6.83 2.5932
1.4582 10.049
6.8302 2.593
6.83 2.5932
1.4513 10.059
6.8302 2.593
6.83 2.5932
1.4443 10.068
6.8302 2.593
6.83 2.5932
1.4374 10.078
6.8302 2.593
6.83 2.5932
1.4305 10.088
6.8302 2.593
6.83 2.5932
1.4236 10.097
6.8302 2.593
6.83 2.5932
1.4168 10.107
6.8302 2.593
6.83 2.5932
1.4099 10.116
6.8302 2.593
6.83 2.5932
1.4031 10.126
6.8302 2.593
6.83 2.5932
1.3963 10.135
6.8302 2.593
6.83 2.5932
1.3895 10.144
6.8302 2.593
6.83 2.5932
1.3828 10.154
6.8302 2.593
6.83 2.5932
1.376 10.163
6.8302 2.593
6.83 2.5932
1.3693 10.172
6.8302 2.593
6.83 2.5932
1.3626 10.182
6.8302 2.593
6.83 2.5932
1.356 10.191
6.8302 2.593
6.83 2.5932
1.3493 10.2
6.8302 2.593
6.83 2.5932
1.3427 10.209
6.8302 2.593
6.83 2.5932
1.336 10.219
6.8302 2.593
6.83 2.5932
1.3295 10.228
6.8302 2.593
6.83 2.5932
1.3229 10.237
6.8302 2.593
6.83 2.5932
1.3163 10.246
6.8302 2.593
6.83 2.5932
1.3098 10.255
6.8302 2.593
6.83 2.5932
1.3033 10.264
6.8302 2.593
6.83 2.5932
1.2968 10.273
6.8302 2.593
6.83 2.5932
1.2903 10.282
6.8302 2.593
6.83 2.5932
1.2838 10.291
6.8302 2.593
6.83 2.5932
1.2774 10.3
6.8302 2.593
6.83 2.5932
1.271 10.309
6.8302 2.593
6.83 2.5932
1.2646 10.318
6.8302 2.593
6.83 2.5932
1.2582 10.327
6.8302 2.593
6.83 2.5932
1.2518 10.336
6.8302 2.593
6.83 2.5932
1.2454 10.344
6.8302 2.593
6.83 2.5932
1.2391 10.353
6.8302 2.593
6.83 2.5932
1.2328 10.362
6.8302 2.593
6.83 2.5932
1.2265 10.371
6.8302 2.593
6.83 2.5932
1.2202 10.379
6.8302 2.593
6.83 2.5932
1.214 10.388
6.8302 2.593
6.83 2.5932
1.2077 10.397
6.8302 2.593
6.83 2.5932
1.2015 10.405
6.8302 2.593
6.83 2.5932
1.1953 10.414
6.8302 2.593
6.83 2.5932
1.1891 10.423
6.8302 2.593
6.83 2.5932
1.1829 10.431
6.8302 2.593
6.83 2.5932
1.1767 10.44
6.8302 2.593
6.83 2.5932
1.1706 10.448
6.8302 2.593
6.83 2.5932
1.1645 10.457
6.8302 2.593
6.83 2.5932
1.1584 10.465
6.8302 2.593
6.83 2.5932
1.1523 10.474
6.8302 2.593
6.83 2.5932
1.1462 10.482
6.8302 2.593
6.83 2.5932
1.1401 10.491
6.8302 2.593
6.83 2.5932
1.1341 10.499
6.8302 2.593
6.83 2.5932
1.1281 10.507
6.8302 2.593
6.83 2.5932
1.1221 10.516
6.8302 2.593
6.83 2.5932
1.1161 10.524
6.8302 2.593
6.83 2.5932
1.1101 10.532
6.8302 2.593
6.83 2.5932
1.1041 10.541
6.8302 2.593
6.83 2.5932
1.0982 10.549
6.8302 2.593
6.83 2.5932
1.0922 10.557
6.8302 2.593
6.83 2.5932
1.0863 10.565
6.8302 2.593
6.83 2.5932
1.0804 10.573
6.8302 2.593
6.83 2.5932
1.0745 10.582
6.8302 2.593
6.83 2.5932
