group_ring7.txt
environment.txt
2.8785 3.5963
4.1452 0.56705
4.6484 5.2189
7.6396 3.3585
8.0821 1.7539
1.0022 2.0895
1.7433 8.959
2.9701 3.6365
4.1452 0.56705
4.7435 5.188
7.6396 3.3585
8.1793 1.7772
0.9409 2.1685
1.7433 8.959
3.07 3.6412
4.1784 0.6614
4.7793 5.0946
7.6396 3.3585
8.1191 1.857
1.0353 2.2014
1.7433 8.959
3.1635 3.606
4.1784 0.6614
4.7793 5.0946
7.6396 3.3585
8.1191 1.857
1.1309 2.172
1.7433 8.959
3.259 3.5761
4.2071 0.75719
4.7759 4.9947
7.5398 3.3657
8.1191 1.857
1.1845 2.2565
1.7433 8.959
3.259 3.5761
4.1509 0.83994
4.7549 4.8969
7.5398 3.3657
8.0303 1.9029
1.2695 2.2039
1.8395 8.9317
3.159 3.5738
4.1574 0.93973
4.7549 4.8969
7.4528 3.3163
8.0303 1.9029
1.2695 2.2039
1.7403 8.919
3.0626 3.5473
4.0594 0.95932
4.852 4.8733
7.3593 3.281
8.0303 1.9029
1.3301 2.1243
1.7403 8.919
3.0626 3.5473
4.0594 0.95932
4.7893 4.7954
7.2594 3.2755
8.0915 1.982
1.402 2.1938
1.7097 8.8238
3.0718 3.4477
3.9959 1.0366
4.7893 4.7954
7.1599 3.2657
8.1232 2.0768
1.4463 2.2835
1.7097 8.8238
3.0718 3.4477
3.9608 1.1302
4.7893 4.7954
7.1599 3.2657
8.0246 2.0598
1.5102 2.3604
1.7097 8.8238
2.9945 3.3843
3.9608 1.1302
4.707 4.7386
7.0599 3.2652
8.0246 2.0598
1.5102 2.3604
1.8092 8.8333
2.9945 3.3843
3.9424 1.2285
4.707 4.7386
7.0599 3.2652
8.0246 2.0598
1.5834 2.2923
1.7174 8.7936
2.9368 3.3027
3.8455 1.253
4.7809 4.6712
7.0599 3.2652
8.0764 2.1453
1.5834 2.2923
1.7174 8.7936
3.0014 3.2263
3.8455 1.253
4.8801 4.6844
6.9821 3.2024
8.0764 2.1453
1.665 2.3501
1.7174 8.7936
3.0604 3.307
3.8455 1.253
4.9797 4.6923
6.9628 3.1042
8.1308 2.2292
1.721 2.2673
1.7174 8.7936
3.1253 3.3831
3.7478 1.2745
5.0763 4.6665
6.9023 3.0247
8.1086 2.3267
1.7622 2.1762
1.6234 8.7596
3.1253 3.3831
3.7478 1.2745
4.9935 4.6105
6.9659 3.1018
8.0682 2.4182
1.8546 2.2144
1.7229 8.7495
3.1253 3.3831
3.7478 1.2745
4.9935 4.6105
7.0267 3.0224
8.0682 2.4182
1.8778 2.3117
1.6343 8.7031
3.1681 3.2927
3.7478 1.2745
4.9298 4.5334
7.0267 3.0224
8.0682 2.4182
1.8778 2.3117
1.5399 8.6701
3.239 3.3633
3.8208 1.3428
4.9298 4.5334
7.0267 3.0224
8.0682 2.4182
1.8778 2.3117
1.4413 8.6532
3.2195 3.2652
3.8839 1.4204
4.8561 4.4658
7.098 3.0924
8.0682 2.4182
1.9358 2.3931
1.4413 8.6532
3.3066 3.3144
3.9783 1.4535
4.9473 4.4246
7.1895 3.0519
8.0682 2.4182
2.0358 2.3925
1.4413 8.6532
3.2109 3.2854
3.9783 1.4535
5.0389 4.4647
7.2866 3.0755
8.1149 2.5066
1.9843 2.4782
1.345 8.6263
3.1754 3.1919
3.9783 1.4535
5.0389 4.4647
7.217 3.0037
8.1073 2.6063
2.072 2.5261
1.4449 8.6214
3.2357 3.1122
4.0231 1.5429
4.9474 4.4244
7.2746 2.9219
8.0966 2.7057
2.1297 2.4444
1.3761 8.5488
3.3182 3.1687
4.0231 1.5429
4.9474 4.4244
7.1747 2.927
8.0242 2.7747
2.2103 2.3852
1.2842 8.5094
3.4144 3.1414
4.0231 1.5429
4.9474 4.4244
7.1747 2.927
8.0242 2.7747
2.3056 2.3548
1.3136 8.4138
3.4611 3.0529
4.0231 1.5429
4.9115 4.3311
7.0748 2.9224
8.0242 2.7747
2.3485 2.2645
1.3136 8.4138
3.4611 3.0529
4.0231 1.5429
5.0027 4.2899
7.0748 2.9224
7.9974 2.8711
2.3092 2.3564
1.3397 8.3173
3.5609 3.0589
3.9235 1.5516
5.0027 4.2899
6.975 2.9165
7.8975 2.8671
2.371 2.4351
1.2488 8.2756
3.5838 2.9616
4.0207 1.5752
5.0027 4.2899
6.8855 2.9611
7.8975 2.8671
2.4566 2.4868
1.1624 8.2252
3.5838 2.9616
4.0207 1.5752
5.0027 4.2899
6.9677 3.018
7.8687 2.9629
2.4566 2.4868
1.072 8.1825
3.5838 2.9616
3.9275 1.6115
5.0027 4.2899
7.0363 3.0908
7.853 2.8641
2.5454 2.4409
1.0432 8.0867
3.6432 2.8811
3.9275 1.6115
5.0934 4.3321
7.1362 3.0875
7.8659 2.9633
2.4993 2.5296
0.96099 8.0298
3.6432 2.8811
4.0131 1.6632
5.0934 4.3321
7.0401 3.1152
7.8191 2.8749
2.4993 2.5296
1.0609 8.025
3.6432 2.8811
4.1122 1.6766
5.0934 4.3321
6.9407 3.126
7.7311 2.8273
2.4993 2.5296
0.98301 7.9623
3.6919 2.7937
4.1122 1.6766
5.0934 4.3321
7.0319 3.0849
7.6393 2.8668
2.4993 2.5296
0.98301 7.9623
3.6883 2.6938
4.1122 1.6766
5.0934 4.3321
7.0319 3.0849
7.6393 2.8668
2.425 2.5966
0.9096 7.8944
3.7673 2.6325
4.1103 1.7766
5.192 4.3482
7.0319 3.0849
7.578 2.7878
2.4901 2.5207
0.9096 7.8944
3.7673 2.6325
4.1103 1.7766
5.2836 4.3885
6.933 3.0697
7.578 2.7878
2.4062 2.5751
0.9096 7.8944
3.7242 2.5423
4.2 1.8209
5.2836 4.3885
7.0326 3.0601
7.5323 2.8768
2.5048 2.5915
0.98095 7.8243
3.7242 2.5423
4.2 1.8209
5.3742 4.4307
7.0605 3.1562
7.4338 2.86
2.5867 2.534
0.89631 7.7711
3.7908 2.4677
4.2 1.8209
5.3742 4.4307
7.0072 3.2408
7.3388 2.8912
2.5867 2.534
0.89631 7.7711
3.8577 2.3934
4.2 1.8209
5.3286 4.3417
6.9884 3.1426
7.3388 2.8912
2.6867 2.5349
0.92623 7.6757
3.9568 2.4074
4.1058 1.8545
5.3286 4.3417
7.0072 3.2408
7.3388 2.8912
2.7387 2.6203
0.92623 7.6757
3.9568 2.4074
4.1466 1.9457
5.3286 4.3417
7.0186 3.3401
7.2473 2.8508
2.7387 2.6203
0.90495 7.5779
3.9568 2.4074
4.0873 2.0263
5.2574 4.2714
7.0186 3.3401
7.2473 2.8508
2.8297 2.6616
0.90495 7.5779
3.9568 2.4074
4.0873 2.0263
5.2574 4.2714
7.0186 3.3401
7.2473 2.8508
2.8199 2.7611
0.90495 7.5779
3.8672 2.3629
4.08 2.126
5.2574 4.2714
7.0186 3.3401
7.1621 2.7985
2.9198 2.7648
1.0009 7.5497
3.8672 2.3629
4.08 2.126
5.3102 4.1865
6.9585 3.2602
7.0621 2.7988
2.9198 2.7648
0.96891 7.455
3.8171 2.2764
4.08 2.126
5.3102 4.1865
6.8603 3.2412
7.0596 2.8988
2.999 2.7037
0.96891 7.455
3.8993 2.2194
4.0146 2.2017
5.3383 4.0905
6.8603 3.2412
7.0596 2.8988
3.07 2.7742
1.0621 7.4188
3.8993 2.2194
3.9167 2.2222
5.2444 4.0559
6.8664 3.341
6.9763 2.9541
3.0231 2.8625
1.0621 7.4188
3.9257 2.3158
3.9167 2.2222
5.2444 4.0559
6.7673 3.3282
6.9763 2.9541
3.1224 2.8505
0.97361 7.3723
3.9398 2.2168
3.9167 2.2222
5.3441 4.0644
6.7673 3.3282
6.8886 3.0021
3.023 2.8612
0.97361 7.3723
3.9398 2.2168
4.0078 2.2635
5.3441 4.0644
6.7737 3.2284
6.8886 3.0021
2.9621 2.9405
0.97361 7.3723
3.9672 2.313
4.0078 2.2635
5.3441 4.0644
6.7737 3.2284
6.8886 3.0021
3.0469 2.8875
1.0705 7.3971
3.9609 2.2132
3.9523 2.3467
5.2716 3.9955
6.7737 3.2284
6.8886 3.0021
3.0806 2.9817
1.0697 7.2971
3.9609 2.2132
3.9507 2.4466
5.2716 3.9955
6.7737 3.2284
6.827 3.0809
3.1566 3.0466
1.1334 7.22
3.9168 2.303
3.9012 2.5335
5.2716 3.9955
6.706 3.1548
6.827 3.0809
3.1175 3.1386
1.1334 7.22
3.8175 2.2908
3.9012 2.5335
5.2716 3.9955
6.706 3.1548
6.727 3.0808
3.0315 3.1896
1.2232 7.1761
3.8175 2.2908
3.8881 2.6327
5.2411 3.9002
6.706 3.1548
6.6588 3.0076
3.1083 3.1256
1.2232 7.1761
3.8175 2.2908
3.8881 2.6327
5.1471 3.8662
6.6889 3.2533
6.6588 3.0076
3.0231 3.178
1.2232 7.1761
3.7891 2.3867
3.908 2.7306
5.2254 3.804
6.6036 3.2012
6.6588 3.0076
3.1224 3.1903
1.2232 7.1761
3.7891 2.3867
3.908 2.7306
5.1408 3.7506
6.6331 3.2967
6.6588 3.0076
3.1224 3.1903
1.3231 7.1818
3.7891 2.3867
3.908 2.7306
5.2389 3.731
6.5338 3.2848
6.6588 3.0076
3.0369 3.2421
1.3231 7.1818
3.7891 2.3867
3.9826 2.664
5.2389 3.731
6.5314 3.1849
6.6588 3.0076
2.9671 3.3137
1.4028 7.1214
3.7891 2.3867
3.9599 2.7614
5.2389 3.731
6.5145 3.2834
6.6588 3.0076
2.9671 3.3137
1.3511 7.0358
3.7891 2.3867
4.0365 2.6971
5.1703 3.6582
6.4218 3.3209
6.6709 3.1069
3.0174 3.4002
1.3511 7.0358
3.7891 2.3867
4.1358 2.7089
5.2273 3.576
6.4218 3.3209
6.6709 3.1069
3.1172 3.3952
1.4382 6.9867
3.8709 2.4443
4.2174 2.6511
5.2273 3.576
6.3553 3.3956
6.6709 3.1069
3.0747 3.4857
1.4975 6.9062
3.9002 2.5399
4.2174 2.6511
5.2273 3.576
6.2592 3.4233
6.6709 3.1069
3.0747 3.4857
1.4975 6.9062
3.9339 2.6341
4.3118 2.618
5.2273 3.576
6.2592 3.4233
6.5726 3.0883
3.0747 3.4857
1.4975 6.9062
3.9339 2.6341
4.3548 2.7083
5.2273 3.576
6.1641 3.4544
6.5726 3.0883
3.0747 3.4857
1.4975 6.9062
3.9339 2.6341
4.27 2.7614
5.268 3.4847
6.1825 3.3561
6.5726 3.0883
3.174 3.4738
1.4975 6.9062
3.9339 2.6341
4.27 2.7614
5.3615 3.4492
6.1825 3.3561
6.5726 3.0883
3.25 3.4088
1.4975 6.9062
3.9339 2.6341
4.27 2.7614
5.3615 3.4492
6.196 3.4552
6.5726 3.0883
3.345 3.3775
1.4975 6.9062
3.922 2.7334
4.3674 2.7386
5.3615 3.4492
6.1353 3.5346
6.5151 3.0065
3.2784 3.4521
1.4975 6.9062
3.922 2.7334
4.2683 2.725
5.3151 3.3606
6.1353 3.5346
6.5151 3.0065
3.2784 3.4521
1.4842 6.8071
3.9939 2.6638
4.2298 2.8173
5.3151 3.3606
6.054 3.5929
6.5151 3.0065
3.2784 3.4521
1.4842 6.8071
3.9533 2.7552
4.2298 2.8173
5.4114 3.3874
5.9717 3.5361
6.5588 3.0964
3.2784 3.4521
1.3975 6.7572
3.9128 2.8467
4.137 2.8547
5.4211 3.2879
5.8718 3.5404
6.5588 3.0964
3.2607 3.5505
1.3975 6.7572
3.9128 2.8467
4.2013 2.7781
5.4211 3.2879
5.9718 3.5425
6.4612 3.1179
3.1936 3.6246
1.3975 6.7572
3.877 2.7533
4.2013 2.7781
5.4211 3.2879
5.9718 3.5425
6.4612 3.1179
3.2897 3.6521
1.3975 6.7572
3.877 2.7533
4.134 2.8521
5.4211 3.2879
5.8832 3.4961
6.3753 3.0666
3.3595 3.7238
1.4525 6.6737
3.9758 2.7375
4.134 2.8521
5.4211 3.2879
5.8832 3.4961
6.2867 3.1128
3.3595 3.7238
1.4539 6.5737
3.8817 2.7035
4.134 2.8521
5.3576 3.2107
5.8379 3.4069
6.2867 3.1128
3.3595 3.7238
1.4539 6.5737
3.8153 2.7783
4.134 2.8521
5.3692 3.31
5.7489 3.3614
6.2867 3.1128
3.3595 3.7238
1.4539 6.5737
3.8153 2.7783
4.2232 2.8067
5.3692 3.31
5.8324 3.3064
6.2867 3.1128
3.3595 3.7238
1.4159 6.4812
3.8762 2.6989
4.2232 2.8067
5.3596 3.2105
5.7488 3.2515
6.2563 3.2081
3.261 3.7065
1.4747 6.4002
3.8762 2.6989
4.2979 2.8732
5.3967 3.3034
5.7993 3.3378
6.2563 3.2081
3.3503 3.6615
1.5694 6.3683
3.8835 2.7987
4.2979 2.8732
5.3967 3.3034
5.8789 3.3983
6.1829 3.1402
3.273 3.7249
1.5694 6.3683
3.8405 2.7084
4.2959 2.9732
5.3637 3.209
5.8692 3.2988
6.1829 3.1402
3.273 3.7249
1.5746 6.2684
3.8836 2.7986
4.2959 2.9732
5.4032 3.3008
5.9082 3.2067
6.0943 3.1865
3.273 3.7249
1.5092 6.1928
3.8836 2.7986
4.2959 2.9732
5.3612 3.3916
6.0014 3.2431
6.0943 3.1865
3.2131 3.805
1.4538 6.1095
3.8812 2.6987
4.2308 2.8972
5.3612 3.3916
6.0014 3.2431
6.0943 3.1865
3.2131 3.805
1.4976 6.0196
3.8601 2.7964
4.2308 2.8972
5.2671 3.358
5.9032 3.2244
6.0943 3.1865
3.2131 3.805
1.4627 5.9259
3.9433 2.8518
4.2308 2.8972
5.173 3.324
5.9032 3.2244
6.0086 3.2381
3.1138 3.7934
1.5397 5.8621
3.9717 2.7559
4.2963 2.8217
5.173 3.324
5.8036 3.2146
6.0086 3.2381
3.02 3.7588
1.5397 5.8621
