groups.txt
environment.txt
3.3303 5.9419
4.1342 3.0956
4.1435 9.018
9.8392 0.93127
0.57739 3.1903
3.9654 8.8696
7.9132 6.5743
6.8452 3.2514
4.7395 3.6764
1.4124 7.9484
9.5092 0.99309
8.8263 9.5178
4.3744 0.014739
8.3496 2.954
0.48455 7.5088
4.4274 0.092304
7.8985 4.7678
9.1352 2.5033
5.3325 3.0792
8.0408 9.6695
5.6266 2.088
5.2048 1.8624
2.2555 6.465
5.672 1.2817
9.9816 0.81321
1.3187 6.5923
9.5468 0.27399
1.2388 9.8518
5.3933 7.7526
3.7383 5.9183
7.0673 3.7618
9.4741 8.5065
3.8228 2.2574
6.9291 7.9696
6.0207 9.9688
2.8131 7.3292
7.1038 3.8468
6.6464 0.40083
4.1484 5.8293
4.9827 5.6471
9.4912 3.5518
9.5318 8.802
6.2453 8.4849
6.2402 1.6036
2.9574 1.5786
0.7468 5.0866
2.9371 6.033
2.3474 1.614
3.459 6.3545
8.4394 2.7982
7.8227 9.3176
2.6457 3.9969
3.147 3.7942
1.832 5.9285
4.4747 0.68507
3.2668 2.0524
7.2362 1.8511
5.7515 0.8169
2.0023 4.6409
8.4348 0.30555
4.2373 4.3498
5.4475 5.5786
5.2797 6.3878
0.34217 8.5473
7.099 3.8428
1.6932 3.9962
5.9338 3.2542
6.0806 5.5539
7.7236 2.9542
0.56274 3.6612
3.4905 9.1958
6.3022 2.8869
6.6444 5.5086
9.921 9.1932
9.4436 0.90049
3.5035 2.577
1.93 4.2705
5.7772 3.3128
8.9952 4.3159
2.1823 7.179
9.6703 9.1621
4.3398 8.9003
7.8482 1.3471
5.2523 1.1991
8.9345 2.3404
6.5309 2.0095
0.40278 3.8031
5.0472 5.9479
8.9445 2.6839
3.8573 6.2244
2.9205 8.0457
1.0397 2.3356
7.2924 0.32328
6.4859 5.7986
4.7465 8.422
9.3291 5.569
0.96444 8.3988
5.9911 2.0495
6.2125 7.5673
1.7402 5.4209
2.8954 2.8206
0.18503 2.4487
7.015 2.8632
9.5209 9.6313
7.4901 2.307
5.3732 9.0379
2.0501 5.4038
4.3404 8.1786
1.4221 7.0842
3.7558 0.43209
7.9356 1.4595
8.1282 2.3334
2.467 4.0443
1.7028 3.0224
2.3506 7.5731
2.7546 3.5974
9.5161 1.249
3.4667 6.1718
2.9732 3.5552
3.6294 6.1388
0.68488 6.6186
8.6716 2.0002
4.579 9.5999
0.77615 6.6511
9.0492 5.413
2.817 8.6897
5.5705 7.1828
0.21398 4.4943
4.8268 6.5962
8.0799 7.5321
7.3601 8.0474
5.723 0.29156
0.089849 7.7982
5.6735 9.8843
0.76117 2.511
2.5162 3.1547
1.3345 3.0066
5.6447 0.42039
5.4098 5.279
0.68921 2.5602
4.0871 5.2355
9.4751 2.6084
9.1928 4.9308
1.2124 8.5584
5.9194 7.2441
3.5965 1.9911
7.1931 1.5729
3.7048 4.2043
8.6227 4.8766
6.8476 4.6033
6.342 5.1568
1.4132 2.7199
0.79302 2.3158
8.7615 8.9953
9.087 5.3901
6.0364 4.2845
3.6524 6.1715
5.9859 5.5888
6.6849 2.2585
8.9456 1.0452
0.87336 0.099777
0.59153 5.3978
3.2265 2.3225
7.7948 7.3983
3.3548 8.8899
6.1957 8.5981
9.9289 5.9706
6.4801 6.5475
9.1501 9.9461
4.3318 2.0676
2.8976 6.0736
6.3188 3.4763
2.9542 7.1774
6.2203 0.27993
0.47534 0.66842
9.2706 5.2188
0.87772 9.3195
3.324 1.4711
5.2618 4.1677
2.4664 2.8029
5.429 5.981
7.8087 0.36475
0.63687 6.4134
3.2288 1.7406
0.98379 0.62152
1.7004 4.0666
3.7116 4.6306
0.39762 2.0267
7.0924 8.6955
5.9794 8.6633
0.23014 6.1521
8.9943 0.26944
4.5295 3.2252
0.58026 4.6378
1.0627 0.99017
9.9843 5.7099
3.2588 5.6188
4.5049 2.4155
5.7784 9.1272
0.74844 8.2573
0.57343 4.4455
3.0096 9.8206
5.2172 5.7827
2.3442 9.7193
8.1059 6.4832
4.5127 6.1467
2.4997 4.6965
9.5544 5.7778
1.4265 9.1131
5.1256 3.7622
2.2876 8.7345
4.2352 3.0035
2.736 4.0003
4.4457 5.1772
6.2752 0.61825
5.3464 2.3137
3.8544 1.1849
0.9878 5.9944
8.9028 0.90216
0.33389 9.7822
8.3903 6.5302
5.0727 4.6113
1.1372 8.6376
4.9045 2.6283
8.2396 9.9372
3.2898 7.7098
9.413 3.138
2.4411 0.57873
9.5711 0.44074
5.1082 8.1294
5.6458 4.1207
3.8416 1.4484
5.2313 2.4488
8.9215 3.7897
4.0592 2.7032
6.0439 2.156
0.94804 6.3373
3.3598 7.9972
2.0851 8.5776
8.9626 8.62
7.4571 3.133
5.3639 3.2698
9.6997 8.4001
5.6488 4.9253
2.1769 0.51902
7.7802 7.2667
4.2667 8.7268
2.7996 2.8581
3.3351 6.5685
3.6694 2.3189
7.9479 6.2195
0.38691 0.75124
9.6676 5.0462
6.0997 0.079108
3.8372 9.1907
0.3057 4.107
8.5757 7.3237
6.0354 1.5111
8.4784 8.1523
9.096 3.4491
7.7794 7.0423
7.5712 1.6086
4.052 0.015139
7.019 5.62
5.6546 5.4648
5.8474 5.5083
6.9454 3.408
9.2749 0.3673
9.4421 5.3837
9.0326 7.3723
6.0411 1.8122
9.2621 4.2625
1.1695 0.98168
3.0322 1.7577
7.8012 4.1633
5.3696 7.3979
7.6907 8.9295
6.3894 0.25853
8.9315 1.3756
0.6069 4.2409
7.6457 7.4023
5.2444 9.9174
7.5448 1.2818
1.698 3.6058
6.7273 1.9107
6.1865 7.144
0.068461 1.7787
9.8685 5.1951
0.16999 5.859
0.39796 1.9073
8.0433 5.0344
8.5979 0.50915
5.6625 0.56096
7.5411 3.352
6.309 5.1994
8.9198 3.3174
6.734 9.3417
6.8527 2.4648
6.9574 5.1121
7.9983 7.4032
6.6061 2.5417
8.4558 1.0176
5.3815 3.6688
9.1014 2.7585
3.5071 2.661
9.3532 2.2654
9.2772 0.013208
5.877 8.9301
4.535 7.2616
5.7842 3.3404
3.1561 5.2277
9.9402 2.7335
9.8389 7.1838
9.6455 7.7802
6.6627 0.81064
2.2158 4.6909
2.0396 3.784
6.241 3.4039
7.2521 0.63851
8.3436 7.6134
0.18895 4.0266
2.0212 6.7429
5.5108 5.6253
0.51457 8.3056
3.075 9.577
9.6544 0.75506
9.3148 8.8802
3.7803 5.6245
6.1767 1.9436
2.2145 1.666
7.0576 1.0209
5.9676 1.4625
5.863 6.7156
9.6849 6.3985
5.8174 3.7244
0.998 1.6287
3.8952 2.0964
7.9998 4.8036
3.9979 1.1299
7.5512 1.3237
2.9521 0.64002
6.4001 0.79297
8.8512 6.2695
4.1133 7.3915
6.3859 2.5362
8.5656 7.1925
7.6358 6.9351
9.7616 7.7332
7.8154 7.4722
9.3558 3.1838
5.1043 2.8618
7.7307 6.2741
5.7282 4.6283
9.5385 1.2944
1.7157 5.4938
9.0724 9.6951
7.5222 4.4214
5.9096 3.5854
1.1097 1.3434
1.9985 9.9859
1.6296 5.1352
0.36877 3.8785
2.7272 2.4985
2.3013 3.6475
3.9906 6.5718
9.263 5.2831
4.9547 8.2577
6.0919 9.6243
0.048085 3.1374
5.8773 7.9709
7.7746 2.8518
0.14895 7.6677
0.9415 6.8126
3.2872 7.1454
3.0557 4.5978
0.18022 9.1927
1.6221 9.8894
4.4399 9.326
4.6152 6.6332
9.0492 6.0226
3.8645 6.5646
6.0302 3.0993
5.6032 3.3164
8.4584 1.882
2.848 1.0068
2.8656 8.6583
3.5483 1.1917
5.3576 9.5528
9.9083 4.409
0.28178 8.7576
7.0953 8.6495
9.0516 3.5515
6.3115 7.8225
8.6455 3.2725
0.20992 8.1748
0.7682 1.7362
3.7671 6.7612
1.4919 8.756
0.34097 7.5716
2.2963 4.5466
3.5894 0.29036
3.6316 6.371
2.6744 0.59459
3.373 1.692
0.86961 6.8468
4.5156 5.5457
0.060358 8.2456
2.8809 5.3754
3.7661 8.1752
1.4649 4.6038
0.74534 0.14034
4.6074 0.049832
3.7039 1.6623
3.6594 1.5542
7.1821 3.8766
1.5942 8.9573
2.7877 8.8777
6.4494 3.9361
2.872 6.7546
3.2193 2.5221
9.4999 1.5845
6.2468 0.4952
2.0695 6.8088
1.0966 7.8176
5.6585 8.0737
2.7433 2.6505
0.71165 8.959
6.0799 1.4483
0.14401 9.7483
3.4403 8.3376
5.3366 3.401
6.2776 6.1624
4.4674 3.0376
8.1111 0.89219
5.2153 3.337
8.2529 5.5368
7.6393 5.5029
9.4764 1.6042
3.3355 1.1709
3.8974 3.9855
1.5041 8.3138
1.85 4.9014
5.0079 8.869
1.2631 9.0505
8.6463 4.9839
7.6665 5.2923
5.6435 9.097
3.8957 5.786
7.7579 8.6199
6.6139 1.2565
4.6966 6.4558
2.1977 4.3732
6.0259 6.1261
1.8426 7.3748
1.9751 3.0328
0.42968 8.3435
8.3551 7.9134
3.6931 6.5661
6.6134 5.4367
8.9572 3.8668
2.741 8.2223
9.979 5.9533
7.8164 2.0532
9.8767 4.9436
7.8825 0.31209
8.5292 8.2757
4.8561 2.6426
8.7376 6.775
3.3385 7.9386
6.8184 2.7247
6.5076 7.7582
2.3734 3.3141
4.774 6.0307
9.3642 1.8401
2.411 0.87459
2.0911 3.0892
2.3088 5.2158
9.0919 8.4034
9.3688 6.2503
0.31879 2.552
5.9365 9.0469
0.43818 7.673
4.249 5.6267
8.9715 8.1053
3.6808 7.2325
3.3773 6.7467
6.1886 9.1398
0.86895 8.2096
3.755 5.4872
1.8738 0.15542
0.94686 3.209
5.1476 7.8325
9.5248 2.1222
8.4306 9.5915
9.3501 9.3023
9.7341 3.6573
3.7253 3.4491
6.9268 7.5763
7.166 6.5965
8.0034 5.9946
5.9367 2.2699
0.97175 7.1371
5.5951 7.245
0.4309 3.4422
0.32751 9.1368
8.4362 5.767
7.703 2.8791
5.0965 2.6686
7.0696 8.9018
7.9117 3.661
3.3067 1.5002
9.4633 0.44891
6.5084 5.6446
9.8221 6.3354
1.9383 4.981
8.2874 0.59624
4.938 5.1516
5.9078 0.53195
8.4363 4.7491
5.9467 8.424
6.9102 4.9696
6.4723 7.624
6.2344 1.7988
9.5386 6.9162
1.7694 9.1442
1.6266 0.27252
4.281 9.0528
0.41852 4.7106
2.2575 9.1046
6.6615 3.2798
8.7134 6.911
3.4473 0.17448
5.1235 4.1555
3.3181 5.765
3.3611 9.595
9.5335 6.1585
7.5051 1.5058
3.3392 8.3827
6.3283 7.2617
1.0885 7.9278
1.6135 2.7375
2.9701 6.1569
4.2358 1.0155
5.2841 6.6996
2.751 3.474
8.2796 6.695
2.953 9.2647
6.8043 5.1412
3.9377 1.9314
3.9182 6.029
2.0696 1.9818
7.2452 4.1039
8.1931 8.5307
4.2908 9.2471
9.2566 0.5555
3.7308 3.8405
6.9825 2.4064
5.8863 2.2781
1.0087 3.5712
4.124 9.241
5.025 7.0608
8.0324 9.317
3.5027 1.089
4.5868 6.517
9.511 1.4606
1.3298 6.9396
0.70307 6.2561
0.43723 5.8101
7.9792 6.0138
9.8621 2.5252
4.3674 6.5434
3.4475 0.60096
0.48806 9.4051
2.252 0.92531
3.3398 6.4927
6.5105 9.2218
5.0391 3.3067
5.3093 8.1344
3.7912 7.8764
7.6891 1.2432
2.8251 1.5739
4.15 8.4192
6.8733 7.4695
6.577 9.4452
6.7998 9.1971
0.093867 2.2307
1.2861 5.0977
7.6391 7.8774
5.2245 3.3739
6.1739 5.5164
5.5824 7.4369
7.3099 4.1231
0.63402 5.0762
4.9279 1.2897
2.2992 2.1484
2.9283 6.1808
4.4997 2.5072
2.4028 1.0254
2.6326 5.4636
8.9158 4.4265
5.8614 6.9151
9.3867 7.5944
3.9942 9.5293
5.6741 6.8942
2.0558 7.0787
9.4353 6.5692
5.1281 7.7897
2.7625 5.8047
2.2914 5.0323
8.7873 3.7868
3.9295 6.3302
2.4264 0.31557
2.8163 9.2003
9.0477 4.6975
7.0268 5.199
8.5306 7.6631
3.3622 2.3615
6.2599 9.7178
3.269 6.989
3.1111 6.5945
6.4608 3.261
4.3369 0.19822
1.0289 5.7047
0.36335 2.9204
2.6474 0.78238
1.9066 1.7194
4.493 7.2128
7.6866 0.89449
6.2794 9.1781
3.147 4.2968
0.79723 3.7699
5.7214 3.9383
8.3177 4.2831
3.4737 4.2303
7.7989 2.1892
7.0834 4.9676
5.9094 0.3987
5.6482 9.8862
0.49143 1.5772
8.7228 0.029184
8.6002 2.4818
3.3826 3.4629
9.7403 2.3334
9.5478 7.5589
2.2593 3.8806
4.4844 8.4062
2.5944 2.1327
3.4579 9.3523
9.0295 9.698
0.12701 3.7526
1.3222 9.8486
1.2209 6.3518
7.6096 8.0242
5.7936 6.6964
6.2116 4.716
4.899 9.4448
2.2045 5.9148
1.4413 2.2675
6.8384 0.95259
3.2064 2.4587
7.4892 9.3466
9.9814 4.7978
2.6973 8.8253
9.3187 7.793
6.9639 0.18284
7.7076 0.3637
6.858 4.4454
8.6767 3.2658
5.8051 2.8729
6.261 4.9645
1.1115 1.8171
2.1369 9.3379
9.4018 3.1446
5.9146 8.0922
0.0080862 4.6145
9.0301 5.8714
6.8289 4.776
0.73851 5.5245
9.9638 1.7532
5.8724 9.7224
1.548 7.4593
4.4545 1.9996
5.3762 0.36329
4.619 1.886
8.3411 5.7755
9.9617 6.2827
3.6477 8.2077
6.3656 2.9978
8.9129 7.8768
2.5352 4.3701
2.8636 5.5054
1.2542 9.8611
5.2857 6.8978
9.7014 3.1957
0.95966 7.9569
8.9809 3.017
0.58443 6.0746
1.2332 4.6197
6.3073 2.9259
3.701 8.3242
