groups.txt
environment.txt
5.8752 1.2898
4.306 4.5282
7.2074 6.5282
2.7085 8.2446
1.0466 3.0636
4.5135 4.1236
6.4716 8.7717
5.8752 1.2898
4.306 4.5282
7.2074 6.5282
2.8084 8.2493
1.0466 3.0636
4.4365 4.1874
6.5318 8.6919
5.8752 1.2898
4.2662 4.4364
7.2074 6.5282
2.9076 8.2368
1.0402 3.1634
4.5279 4.2279
6.5318 8.6919
5.8956 1.3877
4.2662 4.4364
7.1074 6.5274
2.8288 8.1752
1.1276 3.212
4.4984 4.3234
6.5049 8.5955
5.8956 1.3877
4.2189 4.3484
7.0567 6.6136
2.8288 8.1752
1.1276 3.212
4.4984 4.3234
6.5975 8.5577
5.9297 1.4818
4.1189 4.3508
7.1305 6.6812
2.9075 8.1135
1.1884 3.1327
4.4325 4.3986
6.5975 8.5577
5.8466 1.5375
4.1189 4.3508
7.1305 6.6812
2.9148 8.0138
1.1884 3.1327
4.4325 4.3986
6.6952 8.5787
5.8318 1.6364
4.0636 4.2674
7.1305 6.6812
2.9148 8.0138
1.1884 3.1327
4.4325 4.3986
6.6952 8.5787
5.7347 1.6126
3.9897 4.3349
7.1981 6.7548
2.9148 8.0138
1.1884 3.1327
4.4325 4.3986
6.6849 8.4793
5.7394 1.7125
3.897 4.2974
7.1649 6.8491
2.9148 8.0138
1.2537 3.2084
4.4325 4.3986
6.7848 8.4843
5.7394 1.7125
3.8319 4.2215
7.1649 6.8491
2.9148 8.0138
1.2537 3.2084
4.3344 4.418
6.8653 8.425
5.7729 1.8067
3.7353 4.1958
7.1604 6.949
2.9148 8.0138
1.3192 3.284
4.2823 4.5034
6.8768 8.3257
5.6926 1.8664
3.6423 4.2326
7.2526 6.9877
3.0148 8.0155
1.3526 3.3782
4.2823 4.5034
6.8768 8.3257
5.6926 1.8664
3.6423 4.2326
7.2466 7.0875
3.0142 7.9155
1.4396 3.329
4.3711 4.5494
6.8058 8.2552
5.6926 1.8664
3.5423 4.2332
7.3288 7.1445
3.0925 7.8533
1.5182 3.3908
4.2904 4.6085
6.8909 8.2028
5.6926 1.8664
3.5423 4.2332
7.234 7.1765
3.0941 7.7534
1.5182 3.3908
4.2179 4.6774
6.8909 8.2028
5.6056 1.8172
3.5423 4.2332
7.234 7.1765
3.0941 7.7534
1.5182 3.3908
4.1246 4.7134
6.8909 8.2028
5.5399 1.8926
3.5423 4.2332
7.2556 7.2742
3.1243 7.658
1.5269 3.4904
4.1246 4.7134
6.8909 8.2028
5.5399 1.8926
3.5423 4.2332
7.2556 7.2742
3.1243 7.658
1.5269 3.4904
4.1246 4.7134
6.9591 8.1296
5.495 1.9819
3.4425 4.2274
7.1559 7.2664
3.1243 7.658
1.5269 3.4904
4.0281 4.7394
6.9887 8.0341
5.4138 2.0403
3.4425 4.2274
7.0562 7.2591
3.1243 7.658
1.5269 3.4904
4.0281 4.7394
6.9887 8.0341
5.4138 2.0403
3.4425 4.2274
7.0562 7.2591
3.212 7.6099
1.6106 3.4357
3.9368 4.7803
6.969 7.9361
5.4005 1.9412
3.3436 4.2427
7.1248 7.3319
3.1411 7.5394
1.6927 3.3786
3.9368 4.7803
6.9238 7.8469
5.3251 2.0068
3.3436 4.2427
7.1248 7.3319
3.1411 7.5394
1.7876 3.41
3.9368 4.7803
6.926 7.7469
5.2613 2.0838
3.3427 4.1427
7.1248 7.3319
3.1199 7.4417
1.7876 3.41
3.9368 4.7803
6.926 7.7469
5.1657 2.0546
3.3385 4.0428
7.1248 7.3319
3.1199 7.4417
1.8653 3.347
3.9368 4.7803
7.0217 7.7757
5.0736 2.0936
3.3385 4.0428
7.1578 7.4263
3.1906 7.3709
1.8653 3.347
4.023 4.8311
7.0217 7.7757
5.0736 2.0936
3.3385 4.0428
7.1578 7.4263
3.1906 7.3709
1.9078 3.4375
3.9921 4.9262
7.0217 7.7757
5.0736 2.0936
3.2462 4.0043
7.2353 7.4895
3.183 7.2712
1.9078 3.4375
3.9489 5.0164
7.0217 7.7757
4.9736 2.0935
3.2462 4.0043
7.2353 7.4895
3.17 7.1721
2.0059 3.4568
3.8653 5.0712
7.0217 7.7757
4.8821 2.1339
3.15 4.0315
7.2353 7.4895
3.263 7.1355
2.0059 3.4568
3.857 5.1709
7.0217 7.7757
4.7944 2.1819
3.0538 4.0042
7.2353 7.4895
3.263 7.1355
2.0059 3.4568
3.7821 5.237
7.0217 7.7757
4.7747 2.2799
3.0538 4.0042
7.2353 7.4895
3.3203 7.0536
2.0682 3.535
3.6834 5.2209
6.9562 7.7002
4.6769 2.3005
3.0131 3.9129
7.1426 7.527
3.2739 6.965
2.0682 3.535
3.6111 5.29
6.9514 7.6003
4.5798 2.3246
3.03 3.8143
7.0547 7.5746
3.3637 6.921
2.0533 3.6339
3.6111 5.29
6.9514 7.6003
4.4798 2.3254
2.9427 3.8631
7.0078 7.6629
3.4522 6.8745
2.0533 3.6339
3.6111 5.29
6.9514 7.6003
4.3896 2.3684
2.9129 3.9586
7.0078 7.6629
3.3556 6.8488
2.1529 3.6434
3.6111 5.29
6.9514 7.6003
4.3027 2.418
2.9129 3.9586
6.927 7.604
3.2597 6.8202
2.1529 3.6434
3.6111 5.29
6.9514 7.6003
4.3708 2.3447
2.8381 3.8923
6.927 7.604
3.3146 6.7366
2.2263 3.5755
3.6111 5.29
6.9514 7.6003
4.3175 2.4293
2.8381 3.8923
6.927 7.604
3.2697 6.6473
2.2263 3.5755
3.6111 5.29
6.9514 7.6003
4.2483 2.5015
2.8381 3.8923
6.927 7.604
3.2697 6.6473
2.2263 3.5755
3.6111 5.29
6.9514 7.6003
4.2483 2.5015
2.7859 3.807
6.927 7.604
3.2697 6.6473
2.2263 3.5755
3.6111 5.29
6.9514 7.6003
4.2483 2.5015
2.7859 3.807
6.927 7.604
3.2697 6.6473
2.3028 3.5111
3.5112 5.2847
6.9514 7.6003
4.153 2.4711
2.7859 3.807
6.927 7.604
3.2697 6.6473
2.3938 3.4695
3.5112 5.2847
6.9514 7.6003
4.153 2.4711
2.7859 3.807
6.927 7.604
3.2697 6.6473
2.3938 3.4695
3.5615 5.3712
6.9514 7.6003
4.153 2.4711
2.7859 3.807
6.927 7.604
3.2398 6.5518
2.3938 3.4695
3.4777 5.4258
6.9514 7.6003
4.0958 2.5531
2.7859 3.807
6.927 7.604
3.2398 6.5518
2.3938 3.4695
3.5521 5.4926
6.9514 7.6003
4.0903 2.4533
2.7669 3.7088
6.927 7.604
3.15 6.508
2.3938 3.4695
3.5521 5.4926
6.9514 7.6003
4.1309 2.5446
2.7411 3.6122
6.927 7.604
3.1619 6.4087
2.3938 3.4695
3.6486 5.5186
6.9514 7.6003
4.2197 2.4986
2.673 3.6854
6.927 7.604
3.1619 6.4087
2.3683 3.5662
3.7306 5.5758
6.9514 7.6003
4.2197 2.4986
2.673 3.6854
6.927 7.604
3.1619 6.4087
2.3683 3.5662
3.6338 5.6009
6.9514 7.6003
4.2368 2.4001
2.5764 3.6597
6.927 7.604
3.1583 6.3088
2.4624 3.5323
3.5369 5.6256
6.9514 7.6003
4.3364 2.4099
2.5984 3.5622
6.927 7.604
3.092 6.2339
2.5321 3.6041
3.6071 5.6969
6.9514 7.6003
4.2368 2.401
2.5984 3.5622
6.927 7.604
3.092 6.2339
2.5913 3.5235
3.6393 5.7915
6.9514 7.6003
4.1368 2.3995
2.5984 3.5622
6.927 7.604
3.1904 6.2516
2.5541 3.6163
3.6393 5.7915
6.9514 7.6003
4.2351 2.4176
2.5984 3.5622
6.927 7.604
3.1904 6.2516
2.5541 3.6163
3.6393 5.7915
6.9514 7.6003
4.1435 2.3775
2.5984 3.5622
6.927 7.604
3.1904 6.2516
2.5999 3.5274
3.6393 5.7915
6.9514 7.6003
4.1935 2.4641
2.5984 3.5622
6.927 7.604
3.1555 6.1579
2.5999 3.5274
3.6393 5.7915
6.9514 7.6003
4.2909 2.4867
2.5984 3.5622
6.927 7.604
3.2161 6.2374
2.5999 3.5274
3.6393 5.7915
6.9514 7.6003
4.2211 2.415
2.5984 3.5622
6.927 7.604
3.3141 6.2575
2.5223 3.5905
3.5626 5.8558
6.9514 7.6003
4.1548 2.3402
2.5001 3.5806
6.927 7.604
3.3141 6.2575
2.5223 3.5905
3.5626 5.8558
6.9514 7.6003
4.1548 2.3402
2.5001 3.5806
6.927 7.604
3.3141 6.2575
2.5223 3.5905
3.5626 5.8558
6.9514 7.6003
4.1094 2.2511
2.5001 3.5806
6.927 7.604
3.2509 6.18
2.5223 3.5905
3.5626 5.8558
6.9514 7.6003
4.1213 2.1518
2.5001 3.5806
6.927 7.604
3.3383 6.2286
2.5223 3.5905
3.5626 5.8558
6.9514 7.6003
4.0318 2.1965
2.5001 3.5806
6.927 7.604
3.3383 6.2286
2.5223 3.5905
3.4645 5.8752
6.9514 7.6003
4.0276 2.2964
2.5001 3.5806
6.927 7.604
3.4359 6.2503
2.5223 3.5905
3.4645 5.8752
6.9514 7.6003
4.0233 2.1965
2.5001 3.5806
6.927 7.604
3.3853 6.164
2.5223 3.5905
3.4645 5.8752
6.9514 7.6003
3.9458 2.2596
2.5001 3.5806
6.927 7.604
3.4828 6.1419
2.5223 3.5905
3.5427 5.9376
6.9514 7.6003
3.8817 2.1828
2.5001 3.5806
6.927 7.604
3.4828 6.1419
2.5223 3.5905
3.5771 6.0315
6.9514 7.6003
3.8059 2.248
2.5001 3.5806
6.927 7.604
3.4828 6.1419
2.5223 3.5905
3.5651 6.1307
6.9514 7.6003
3.8627 2.3303
2.5001 3.5806
6.927 7.604
3.4828 6.1419
2.5223 3.5905
3.5651 6.1307
6.9514 7.6003
3.8596 2.4303
2.5001 3.5806
6.927 7.604
3.4828 6.1419
2.5223 3.5905
3.5651 6.1307
6.9514 7.6003
3.8605 2.5303
2.5001 3.5806
6.927 7.604
3.5777 6.1102
2.5223 3.5905
3.5651 6.1307
6.9514 7.6003
3.9112 2.6164
2.5001 3.5806
6.927 7.604
3.5777 6.1102
2.5223 3.5905
3.6625 6.1077
6.9514 7.6003
3.8124 2.6007
2.5001 3.5806
6.927 7.604
3.5777 6.1102
2.5223 3.5905
3.6625 6.1077
6.9514 7.6003
3.7461 2.5259
2.5001 3.5806
6.927 7.604
3.5777 6.1102
2.5223 3.5905
3.6625 6.1077
6.9514 7.6003
3.7689 2.6232
2.5001 3.5806
6.927 7.604
3.6761 6.0921
2.5223 3.5905
3.7624 6.1104
6.9514 7.6003
3.6879 2.5647
2.5001 3.5806
6.927 7.604
3.7729 6.1171
2.5223 3.5905
3.7624 6.1104
6.9514 7.6003
3.6672 2.6625
2.5001 3.5806
6.927 7.604
3.7729 6.1171
2.5223 3.5905
3.7624 6.1104
6.9514 7.6003
3.6921 2.7594
2.5001 3.5806
6.927 7.604
3.7729 6.1171
2.5223 3.5905
3.8588 6.137
6.9514 7.6003
3.6266 2.8349
2.5001 3.5806
6.927 7.604
3.7729 6.1171
2.537 3.4916
3.8588 6.137
6.9514 7.6003
3.5515 2.7689
2.5001 3.5806
6.927 7.604
3.7947 6.2147
2.5617 3.5885
3.8516 6.2368
6.9514 7.6003
3.6215 2.6974
2.5001 3.5806
6.927 7.604
3.825 6.31
2.4628 3.5734
3.8516 6.2368
6.9514 7.6003
3.5721 2.6105
2.5001 3.5806
6.927 7.604
3.8841 6.2294
2.4628 3.5734
3.9505 6.2518
6.9514 7.6003
3.6613 2.5654
2.5001 3.5806
6.927 7.604
3.8841 6.2294
2.4628 3.5734
3.8519 6.2352
6.9514 7.6003
3.7568 2.5356
2.5001 3.5806
6.927 7.604
3.8841 6.2294
2.4628 3.5734
3.8519 6.2352
6.9514 7.6003
3.8567 2.5338
2.5001 3.5806
6.927 7.604
3.8841 6.2294
2.4628 3.5734
3.9437 6.1957
6.9514 7.6003
3.7601 2.5596
2.5001 3.5806
6.927 7.604
3.934 6.1427
2.4628 3.5734
3.9437 6.1957
6.9514 7.6003
3.671 2.5143
2.5001 3.5806
6.927 7.604
3.934 6.1427
2.4628 3.5734
3.9437 6.1957
6.9514 7.6003
3.7501 2.4532
2.5001 3.5806
6.927 7.604
3.934 6.1427
2.4628 3.5734
3.9437 6.1957
6.9514 7.6003
3.8171 2.379
2.5001 3.5806
6.927 7.604
3.934 6.1427
2.4628 3.5734
3.9437 6.1957
6.9514 7.6003
3.7414 2.3136
2.5001 3.5806
6.927 7.604
3.934 6.1427
2.4628 3.5734
3.9437 6.1957
6.9514 7.6003
3.6414 2.3147
2.5001 3.5806
6.927 7.604
3.934 6.1427
2.4628 3.5734
3.9437 6.1957
6.9514 7.6003
3.6176 2.4118
2.5001 3.5806
6.927 7.604
4.0236 6.1872
2.4628 3.5734
3.9437 6.1957
6.9514 7.6003
3.6214 2.3119
2.5001 3.5806
6.927 7.604
4.0236 6.1872
2.4628 3.5734
4.0346 6.1539
6.9514 7.6003
3.71 2.2655
2.5001 3.5806
6.927 7.604
4.0236 6.1872
2.4628 3.5734
4.0346 6.1539
6.9514 7.6003
3.6208 2.2203
2.5001 3.5806
6.927 7.604
4.0236 6.1872
2.4628 3.5734
4.0346 6.1539
6.9514 7.6003
3.7089 2.2677
2.5001 3.5806
6.927 7.604
4.0236 6.1872
2.5613 3.5908
4.0346 6.1539
6.9514 7.6003
3.754 2.1785
2.5001 3.5806
6.927 7.604
4.0236 6.1872
2.5613 3.5908
4.0346 6.1539
6.9514 7.6003
3.8522 2.1973
2.5001 3.5806
6.927 7.604
4.0236 6.1872
2.5613 3.5908
4.0346 6.1539
6.9514 7.6003
