groups.txt
environment.txt
1.5651 1.7036
2.3958 1.9937
8.3039 5.238
7.8243 8.7748
7.0961 5.9028
8.4158 3.3362
1.2964 6.8572
1.657 1.743
2.4905 1.9617
8.3039 5.238
7.8243 8.7748
7.1865 5.9454
8.3178 3.3558
1.2964 6.8572
1.657 1.743
2.4905 1.9617
8.3039 5.238
7.9168 8.7368
7.1865 5.9454
8.3541 3.449
1.382 6.8055
1.6216 1.8366
2.5635 2.0301
8.204 5.242
7.9168 8.7368
7.1865 5.9454
8.3541 3.449
1.382 6.8055
1.6216 1.8366
2.5635 2.0301
8.1303 5.1745
8.016 8.7244
7.1865 5.9454
8.3541 3.449
1.382 6.8055
1.6216 1.8366
2.5291 2.124
8.1879 5.2562
8.1067 8.6822
7.1865 5.9454
8.3541 3.449
1.382 6.8055
1.6367 1.9354
2.5291 2.124
8.1879 5.2562
8.1067 8.6822
7.1865 5.9454
8.3801 3.5456
1.382 6.8055
1.728 1.9763
2.5291 2.124
8.1879 5.2562
8.1067 8.6822
7.1865 5.9454
8.4622 3.6027
1.382 6.8055
1.6524 2.0418
2.4978 2.2189
8.1879 5.2562
8.1067 8.6822
7.2814 5.977
8.4622 3.6027
1.382 6.8055
1.6524 2.0418
2.5676 2.1473
8.1879 5.2562
8.1067 8.6822
7.2953 5.8779
8.3631 3.6161
1.382 6.8055
1.6524 2.0418
2.5581 2.2469
8.1879 5.2562
8.021 8.6306
7.2953 5.8779
8.3631 3.6161
1.472 6.8493
1.6646 2.141
2.6528 2.2791
8.1879 5.2562
8.1139 8.5935
7.3907 5.9077
8.3631 3.6161
1.4086 6.7719
1.5711 2.1765
2.6528 2.2791
8.1879 5.2562
8.1319 8.4951
7.3907 5.9077
8.3631 3.6161
1.4086 6.7719
1.5711 2.1765
2.6528 2.2791
8.1879 5.2562
8.1319 8.4951
7.489 5.8891
8.3956 3.7106
1.4889 6.7123
1.6483 2.2401
2.7299 2.2154
8.1879 5.2562
8.2286 8.4695
7.489 5.8891
8.2988 3.7355
1.4889 6.7123
1.5785 2.3117
2.8262 2.2423
8.1879 5.2562
8.2286 8.4695
7.489 5.8891
8.3522 3.82
1.4958 6.6126
1.661 2.3681
2.8262 2.2423
8.1217 5.3311
8.1444 8.4155
7.489 5.8891
8.3262 3.9165
1.4164 6.5517
1.7146 2.4526
2.9242 2.2223
8.0223 5.3417
8.1444 8.4155
7.489 5.8891
8.3998 3.9842
1.4977 6.4935
1.7146 2.4526
2.9807 2.3048
8.0223 5.3417
8.1444 8.4155
7.489 5.8891
8.3998 3.9842
1.437 6.414
1.6204 2.4862
2.9807 2.3048
8.0816 5.4223
8.0543 8.372
7.489 5.8891
8.3998 3.9842
1.437 6.414
1.6306 2.5857
3.0805 2.2988
8.0464 5.5159
8.1127 8.2908
7.5699 5.9479
8.3998 3.9842
1.437 6.414
1.6306 2.5857
3.0805 2.2988
7.9471 5.5044
8.1127 8.2908
7.6699 5.9489
8.385 4.0831
1.3412 6.3854
1.6306 2.5857
3.1591 2.3607
7.9471 5.5044
8.0538 8.21
7.6699 5.9489
8.4771 4.1221
1.3412 6.3854
1.7297 2.5989
3.1034 2.4437
7.9183 5.6001
8.0528 8.11
7.7568 5.8996
8.5711 4.1562
1.3412 6.3854
1.8153 2.6505
3.1034 2.4437
7.8184 5.6054
8.0616 8.0104
7.8562 5.8887
8.5711 4.1562
1.3412 6.3854
1.9101 2.6825
3.1034 2.4437
7.8184 5.6054
8.0559 7.9105
7.8212 5.795
8.5711 4.1562
1.3941 6.3005
1.8536 2.765
3.1034 2.4437
7.7716 5.6938
8.0169 7.8185
7.8212 5.795
8.5711 4.1562
1.4722 6.2381
1.9441 2.8075
3.1034 2.4437
7.7716 5.6938
8.1169 7.8177
7.7351 5.7441
8.6608 4.2005
1.5136 6.1471
2.0008 2.8899
3.1983 2.4123
7.7716 5.6938
8.1837 7.7433
7.7729 5.6515
8.6665 4.3004
1.5136 6.1471
2.0507 2.9766
3.1983 2.4123
7.7716 5.6938
8.1057 7.6807
7.7729 5.6515
8.7401 4.3681
1.5566 6.0568
2.0466 3.0765
3.2664 2.3391
7.7716 5.6938
8.1057 7.6807
7.7729 5.6515
8.7401 4.3681
1.6521 6.0272
2.0466 3.0765
3.2664 2.3391
7.7716 5.6938
8.2054 7.6882
7.7729 5.6515
8.7401 4.3681
1.6521 6.0272
2.0466 3.0765
3.2664 2.3391
7.7716 5.6938
8.2054 7.6882
7.7729 5.6515
8.7401 4.3681
1.7408 5.981
2.0466 3.0765
3.2664 2.3391
7.7716 5.6938
8.2054 7.6882
7.7729 5.6515
8.7401 4.3681
1.7922 5.8952
2.0466 3.0765
3.3663 2.3437
7.7716 5.6938
8.2054 7.6882
7.7729 5.6515
8.7252 4.467
1.7922 5.8952
2.0466 3.0765
3.3663 2.3437
7.7716 5.6938
8.2054 7.6882
7.7729 5.6515
8.8184 4.5034
1.8881 5.8669
2.1462 3.0856
3.3663 2.3437
7.7716 5.6938
8.2368 7.5933
7.7729 5.6515
8.8184 4.5034
1.8881 5.8669
2.112 3.1796
3.3663 2.3437
7.7716 5.6938
8.2368 7.5933
7.7729 5.6515
8.8013 4.6019
1.8881 5.8669
2.112 3.1796
3.3663 2.3437
7.7716 5.6938
8.2368 7.5933
7.7729 5.6515
8.7908 4.7013
1.9875 5.8774
2.112 3.1796
3.466 2.3357
7.7716 5.6938
8.2368 7.5933
7.7729 5.6515
8.7908 4.7013
2.0872 5.8862
2.112 3.1796
3.466 2.3357
7.7716 5.6938
8.2344 7.4933
7.7729 5.6515
8.6909 4.7071
2.1751 5.8386
2.112 3.1796
3.466 2.3357
7.7716 5.6938
8.2344 7.4933
7.7729 5.6515
8.6366 4.7911
2.1119 5.7611
2.112 3.1796
3.544 2.2731
7.7716 5.6938
8.334 7.4846
7.7729 5.6515
8.6366 4.7911
2.0961 5.6624
2.2028 3.2216
3.544 2.2731
7.7716 5.6938
8.334 7.4846
7.7729 5.6515
8.6366 4.7911
2.0961 5.6624
2.2028 3.2216
3.544 2.2731
7.7716 5.6938
8.334 7.4846
7.7729 5.6515
8.6366 4.7911
2.0089 5.6133
2.2004 3.3216
3.544 2.2731
7.7716 5.6938
8.4339 7.4792
7.7729 5.6515
8.6366 4.7911
1.9969 5.5141
2.2004 3.3216
3.6027 2.354
7.7716 5.6938
8.4339 7.4792
7.7729 5.6515
8.5387 4.8116
1.9969 5.5141
2.2004 3.3216
3.6433 2.4454
7.7716 5.6938
8.4053 7.3834
7.7729 5.6515
8.5387 4.8116
1.9969 5.5141
2.2004 3.3216
3.6746 2.5404
7.7716 5.6938
8.3086 7.3578
7.7729 5.6515
8.439 4.8181
1.9969 5.5141
2.2004 3.3216
3.6746 2.5404
7.7716 5.6938
8.2605 7.2701
7.7729 5.6515
8.3504 4.8646
2.0878 5.4724
2.2004 3.3216
3.7661 2.5807
7.7716 5.6938
8.2605 7.2701
7.7729 5.6515
8.3504 4.8646
2.0179 5.401
2.2799 3.3823
3.838 2.5113
7.7716 5.6938
8.3392 7.2084
7.7729 5.6515
8.3504 4.8646
1.9754 5.3104
2.185 3.414
3.838 2.5113
7.7716 5.6938
8.3372 7.1084
7.7729 5.6515
8.3504 4.8646
1.9754 5.3104
2.1536 3.5089
3.838 2.5113
7.7716 5.6938
8.3813 7.0186
7.7729 5.6515
8.3504 4.8646
1.9754 5.3104
2.2449 3.5496
3.8092 2.6071
7.7716 5.6938
8.3813 7.0186
7.7729 5.6515
8.3499 4.9646
1.8897 5.2589
2.2449 3.5496
3.8503 2.6982
7.7716 5.6938
8.3487 6.9241
7.7729 5.6515
8.3499 4.9646
1.8897 5.2589
2.1502 3.5815
3.8503 2.6982
7.7716 5.6938
8.2589 6.88
7.7729 5.6515
8.3499 4.9646
1.8104 5.198
2.1502 3.5815
3.8503 2.6982
7.7716 5.6938
8.2589 6.88
7.7729 5.6515
8.3499 4.9646
1.8222 5.0987
2.231 3.6404
3.9171 2.7727
7.7716 5.6938
8.2589 6.88
7.7729 5.6515
8.3499 4.9646
1.8222 5.0987
2.2854 3.7243
3.9171 2.7727
7.7716 5.6938
8.2815 6.7826
7.7729 5.6515
8.3499 4.9646
1.8222 5.0987
2.2854 3.7243
3.9878 2.702
7.7716 5.6938
8.2017 6.7223
7.7729 5.6515
8.4309 5.0233
1.8222 5.0987
2.186 3.7358
4.0776 2.7458
7.7716 5.6938
8.1573 6.6327
7.7729 5.6515
8.4309 5.0233
1.8551 5.0043
2.186 3.7358
4.0891 2.8452
7.7716 5.6938
8.1274 6.5373
7.7729 5.6515
8.4309 5.0233
1.9408 4.9528
2.186 3.7358
4.0891 2.8452
7.7716 5.6938
8.0556 6.4677
7.7729 5.6515
8.4309 5.0233
1.8471 4.9179
2.2801 3.7696
4.0891 2.8452
7.7716 5.6938
8.0556 6.4677
7.7729 5.6515
8.4705 5.1152
1.8471 4.9179
2.279 3.8696
4.0891 2.8452
7.7716 5.6938
8.0556 6.4677
7.7729 5.6515
8.5296 5.1958
1.8471 4.9179
2.279 3.8696
4.0891 2.8452
7.7716 5.6938
8.0556 6.4677
7.7729 5.6515
8.5296 5.1958
1.8471 4.9179
2.1793 3.8779
4.0689 2.9431
7.7716 5.6938
8.0556 6.4677
7.7729 5.6515
8.5296 5.1958
1.8471 4.9179
2.2723 3.9146
4.0689 2.9431
7.7716 5.6938
8.0556 6.4677
7.7729 5.6515
8.5296 5.1958
1.8704 4.8207
2.2342 4.007
4.0167 3.0284
7.7716 5.6938
8.0556 6.4677
7.7729 5.6515
8.4305 5.2096
1.9505 4.7609
2.2342 4.007
4.0167 3.0284
7.7716 5.6938
8.1311 6.4022
7.7729 5.6515
8.5244 5.2441
1.9505 4.7609
2.2342 4.007
4.1164 3.0359
7.7716 5.6938
8.1311 6.4022
7.7729 5.6515
8.5244 5.2441
1.9505 4.7609
2.2342 4.007
4.2121 3.0069
7.7716 5.6938
8.1619 6.3071
7.7729 5.6515
8.5244 5.2441
1.9505 4.7609
2.1418 4.0452
4.2121 3.0069
7.7716 5.6938
8.2602 6.3255
7.7729 5.6515
8.4632 5.3231
1.9505 4.7609
2.1418 4.0452
4.3044 2.9684
7.7716 5.6938
8.2602 6.3255
7.7729 5.6515
8.4632 5.3231
1.9505 4.7609
2.1418 4.0452
4.4027 2.9499
7.7716 5.6938
8.2602 6.3255
7.7729 5.6515
8.5418 5.3848
1.9505 4.7609
2.1418 4.0452
4.4945 2.9102
7.7716 5.6938
8.2602 6.3255
7.7729 5.6515
8.4626 5.4458
1.9505 4.7609
2.1418 4.0452
4.4945 2.9102
7.7716 5.6938
8.2602 6.3255
7.7729 5.6515
8.4906 5.5418
1.9505 4.7609
2.2133 4.1151
4.4945 2.9102
7.7716 5.6938
8.2602 6.3255
7.7729 5.6515
8.4906 5.5418
1.9505 4.7609
2.1502 4.1926
4.4945 2.9102
7.7716 5.6938
8.2602 6.3255
7.7729 5.6515
8.4906 5.5418
1.9505 4.7609
2.1502 4.1926
4.4945 2.9102
7.7716 5.6938
8.2602 6.3255
7.7729 5.6515
8.4906 5.5418
1.9505 4.7609
2.0648 4.2447
4.5236 3.0059
7.7716 5.6938
8.3174 6.2435
7.7729 5.6515
8.4985 5.6415
1.9505 4.7609
2.0648 4.2447
4.6107 2.9567
7.7716 5.6938
8.3174 6.2435
7.7729 5.6515
8.4066 5.681
1.9505 4.7609
2.0648 4.2447
4.6107 2.9567
7.7716 5.6938
8.4174 6.2408
7.7729 5.6515
8.3088 5.7017
1.9505 4.7609
2.0648 4.2447
4.6848 2.8896
7.7716 5.6938
8.4526 6.1472
7.7729 5.6515
8.39 5.7601
1.9505 4.7609
1.9715 4.2807
4.7647 2.8295
7.7716 5.6938
8.4526 6.1472
7.7729 5.6515
8.49 5.7581
1.9505 4.7609
1.9715 4.2807
4.7647 2.8295
7.7716 5.6938
8.5507 6.1277
7.7729 5.6515
8.49 5.7581
1.9505 4.7609
1.9715 4.2807
4.8311 2.9043
7.7716 5.6938
8.4662 6.0741
7.7729 5.6515
8.49 5.7581
1.9505 4.7609
2.0662 4.313
4.8311 2.9043
7.7716 5.6938
8.388 6.0119
7.7729 5.6515
8.5275 5.8508
1.961 4.6614
2.0662 4.313
4.8311 2.9043
7.7716 5.6938
8.388 6.0119
7.7729 5.6515
8.5275 5.8508
1.961 4.6614
2.0662 4.313
4.8311 2.9043
7.7716 5.6938
8.388 6.0119
7.7729 5.6515
8.5275 5.8508
1.9144 4.573
2.0662 4.313
4.9309 2.9109
7.7716 5.6938
8.4879 6.0097
7.7729 5.6515
8.5275 5.8508
2.0104 4.6009
1.9692 4.3373
4.9309 2.9109
7.7716 5.6938
8.4879 6.0097
7.7729 5.6515
8.5955 5.9241
2.0114 4.5009
1.9692 4.3373
5.0299 2.9253
7.7716 5.6938
8.4879 6.0097
7.7729 5.6515
8.5955 5.9241
2.0114 4.5009
1.9692 4.3373
5.0374 3.0251
7.7716 5.6938
8.4879 6.0097
7.7729 5.6515
8.5955 5.9241
2.0717 4.4211
2.0581 4.383
5.0374 3.0251
7.7716 5.6938
8.5015 5.9106
7.7729 5.6515
8.5279 5.8505
2.0717 4.4211
2.0581 4.383
5.0374 3.0251
7.7716 5.6938
8.5015 5.9106
7.7729 5.6515
8.5398 5.9497
2.0717 4.4211
2.0581 4.383
5.0827 3.1142
7.7716 5.6938
8.5015 5.9106
7.7729 5.6515
8.5398 5.9497
2.0717 4.4211
2.0581 4.383
5.0827 3.1142
7.7716 5.6938
8.5015 5.9106
7.7729 5.6515
8.5398 5.9497
2.0717 4.4211
2.0581 4.383
5.0827 3.1142
7.7716 5.6938
8.5015 5.9106
7.7729 5.6515
8.4503 5.9051
2.0717 4.4211
