group_3_3_triangle.txt
environment.txt
3.4182 1.4681
8.9971 7.7996
3.6544 3.5393
3.4911 2.105
8.9963 7.7989
3.5815 2.8959
3.5348 2.4879
8.9964 7.799
3.5396 2.5301
3.5372 2.509
8.9965 7.7992
3.5373 2.5106
3.5372 2.5097
8.9967 7.7993
3.5372 2.5098
3.5371 2.5097
8.9968 7.7994
3.5371 2.5097
3.537 2.5096
8.9969 7.7996
3.537 2.5096
3.5369 2.5095
8.9971 7.7997
3.5369 2.5095
3.5369 2.5094
8.9972 7.7999
3.5369 2.5094
3.5368 2.5094
8.9974 7.8
3.5368 2.5094
3.5367 2.5093
8.9975 7.8001
3.5367 2.5093
3.5367 2.5092
8.9977 7.8003
3.5366 2.5092
3.5366 2.5092
8.9978 7.8004
3.5366 2.5092
3.5365 2.5091
8.9979 7.8006
3.5365 2.5091
3.5364 2.509
8.9981 7.8007
3.5364 2.509
3.5364 2.5089
8.9982 7.8008
3.5364 2.5089
3.5363 2.5089
8.9984 7.801
3.5363 2.5089
3.5362 2.5088
8.9985 7.8011
3.5362 2.5088
3.5361 2.5087
8.9987 7.8012
3.5361 2.5087
3.5361 2.5087
8.9988 7.8014
3.5361 2.5087
3.536 2.5086
8.9989 7.8015
3.536 2.5086
3.5359 2.5085
8.9991 7.8017
3.5359 2.5085
3.5358 2.5084
8.9992 7.8018
3.5358 2.5084
3.5358 2.5084
8.9994 7.8019
3.5358 2.5084
3.5357 2.5083
8.9995 7.8021
3.5357 2.5083
3.5356 2.5082
8.9997 7.8022
3.5356 2.5082
3.5355 2.5082
8.9998 7.8024
3.5355 2.5082
3.5355 2.5081
8.9999 7.8025
3.5355 2.5081
3.5354 2.508
9.0001 7.8026
3.5354 2.508
3.5353 2.5079
9.0002 7.8028
3.5353 2.5079
3.5352 2.5079
9.0004 7.8029
3.5352 2.5079
3.5352 2.5078
9.0005 7.803
3.5352 2.5078
3.5351 2.5077
9.0007 7.8032
3.5351 2.5077
3.535 2.5077
9.0008 7.8033
3.535 2.5077
3.535 2.5076
9.0009 7.8035
3.5349 2.5076
3.5349 2.5075
9.0011 7.8036
3.5349 2.5075
3.5348 2.5074
9.0012 7.8037
3.5348 2.5074
3.5347 2.5074
9.0014 7.8039
3.5347 2.5074
3.5347 2.5073
9.0015 7.804
3.5347 2.5073
3.5346 2.5072
9.0016 7.8041
3.5346 2.5072
3.5345 2.5072
9.0018 7.8043
3.5345 2.5072
3.5344 2.5071
9.0019 7.8044
3.5344 2.5071
3.5344 2.507
9.0021 7.8046
3.5344 2.507
3.5343 2.5069
9.0022 7.8047
3.5343 2.5069
3.5342 2.5069
9.0024 7.8048
3.5342 2.5069
3.5341 2.5068
9.0025 7.805
3.5341 2.5068
3.5341 2.5067
9.0026 7.8051
3.5341 2.5067
3.534 2.5067
9.0028 7.8052
3.534 2.5067
3.5339 2.5066
9.0029 7.8054
3.5339 2.5066
3.5339 2.5065
9.0031 7.8055
3.5338 2.5065
