groups.txt
environment.txt
1.3757 0.18368
1.6057 1.2473
-0.082129 9.5602
4.1092 9.6896
4.8863 0.40914
1.6673 4.866
6.6119 8.7097
1.2851 0.1413
1.6747 1.1749
-0.15586 9.4926
4.2091 9.6938
4.8429 0.31903
1.6558 4.9654
6.5309 8.7683
1.3829 0.12044
1.5835 1.1337
-0.078064 9.4298
4.2009 9.7935
4.8932 0.40543
1.7558 4.9652
6.4382 8.8059
1.4335 0.2067
1.564 1.0356
-0.17305 9.461
4.1011 9.7865
4.971 0.46836
1.7939 4.8727
6.5189 8.747
1.447 0.10761
1.5118 0.95032
-0.093723 9.5219
4.0451 9.8693
4.8938 0.40472
1.8793 4.9247
6.4787 8.6554
1.4053 0.19852
1.414 0.97097
-0.18567 9.4826
4.0662 9.7716
4.9936 0.39824
1.8371 4.834
6.5787 8.6562
1.496 0.15634
1.3608 1.0557
-0.2517 9.5577
3.9701 9.7992
4.9487 0.48757
1.9273 4.8773
6.5677 8.5568
1.4244 0.086526
1.3089 1.1412
-0.33744 9.5063
4.0342 9.7225
4.8489 0.48129
1.8362 4.9185
6.5088 8.476
1.4753 0.1726
1.2621 1.2295
-0.3044 9.6006
4.0173 9.6239
4.9168 0.55468
1.9046 4.8456
6.4164 8.5145
1.5752 0.17631
1.1957 1.3043
-0.40165 9.5774
4.0866 9.5518
5.0168 0.55536
2.0045 4.8438
6.317 8.5253
1.606 0.27144
1.1038 1.2647
-0.47024 9.5046
3.9866 9.5497
5.0025 0.65434
2.0712 4.7692
6.4168 8.5189
1.5364 0.34324
1.01 1.2992
-0.44605 9.4076
4.0407 9.6338
4.9633 0.56238
2.1635 4.8075
6.397 8.4209
1.6154 0.28193
1.1018 1.2597
-0.54498 9.393
4.0308 9.5343
4.8665 0.58765
2.2595 4.8357
6.3071 8.3772
1.6478 0.37655
1.0069 1.2913
-0.63508 9.3496
3.9975 9.6286
4.9209 0.67155
2.2051 4.9196
6.3008 8.2774
1.5817 0.30149
1.0984 1.2509
-0.58829 9.438
3.9169 9.6877
4.9997 0.73308
2.2778 4.851
6.2313 8.2055
1.5802 0.40148
1.0876 1.1515
-0.59425 9.5378
4.0158 9.7024
5.0595 0.65292
2.1833 4.818
6.2708 8.2974
1.4802 0.40001
1.1355 1.0638
-0.68692 9.5754
4.0844 9.6297
5.1503 0.61087
2.1746 4.9176
6.1728 8.2776
1.5321 0.31453
1.1936 1.1452
-0.78645 9.5657
4.0084 9.5647
5.195 0.7003
2.2433 4.9903
6.1612 8.3769
1.5341 0.21455
1.2076 1.2442
-0.75327 9.6601
4.0858 9.628
5.133 0.77872
2.2646 4.8926
6.1239 8.2841
1.5376 0.11461
1.2489 1.3352
-0.81324 9.7401
4.1829 9.604
5.2322 0.76678
2.2088 4.8096
6.139 8.1853
1.6112 0.04693
1.166 1.2794
-0.8511 9.8326
4.1143 9.5313
5.3301 0.7463
2.3049 4.8374
6.1763 8.0925
1.6282 0.14547
1.0958 1.3506
-0.91489 9.7556
4.21 9.56
5.3176 0.64708
2.338 4.9317
6.1002 8.1573
1.6633 0.051827
1.0661 1.2551
-0.95567 9.6643
4.1195 9.5177
5.3899 0.57799
2.3852 5.0199
6.1273 8.061
1.6929 0.14734
0.9664 1.2477
-0.93202 9.7615
4.0911 9.6136
5.2901 0.5732
2.3469 5.1123
6.1189 7.9614
1.7928 0.15305
1.0662 1.2415
-1.0319 9.7671
4.0869 9.7135
5.3684 0.51107
2.247 5.1141
6.1826 8.0384
1.7355 0.071075
1.1084 1.1508
-1.1311 9.755
4.1867 9.7065
5.4245 0.59385
2.2773 5.0188
6.1056 7.9747
1.8093 0.13859
1.1377 1.0552
-1.2128 9.6974
4.0982 9.753
5.5179 0.55816
2.3348 4.937
6.0391 8.0494
1.7141 0.10804
1.2375 1.0603
-1.3126 9.7035
4.1949 9.7275
5.6165 0.541
2.3387 5.037
6.1099 7.9788
1.7527 0.015784
1.3318 1.0268
-1.2159 9.6782
4.2948 9.7322
5.5777 0.63319
2.2617 5.1008
6.1701 7.8989
1.7656 -0.083381
1.292 0.93506
-1.2094 9.5784
4.394 9.7198
5.5713 0.73299
2.3532 5.1413
6.0937 7.9635
1.7859 0.014525
1.3791 0.88581
-1.3094 9.5776
4.3152 9.6582
5.6587 0.78158
2.3236 5.2368
6.0668 7.8671
1.8859 0.013637
1.3317 0.79775
-1.36 9.6638
4.2542 9.7375
5.6696 0.68218
2.3588 5.1432
6.1594 7.8293
1.92 0.10766
1.2317 0.80014
-1.2863 9.7314
4.3329 9.6757
5.7305 0.60284
2.2929 5.2184
6.1727 7.9284
1.8369 0.16339
1.3289 0.77644
-1.1863 9.7311
4.3402 9.576
5.6314 0.5897
2.3885 5.2478
6.2705 7.9494
1.8221 0.26228
1.2736 0.69312
-1.0921 9.6976
4.32 9.6739
5.5706 0.66909
2.4815 5.2845
6.2716 8.0494
1.725 0.23849
1.1997 0.76052
-1.0244 9.7712
4.3443 9.7709
5.5127 0.58753
2.4205 5.2053
6.2613 7.95
1.7297 0.33838
1.107 0.72309
-1.0577 9.8656
4.2729 9.841
5.578 0.66325
2.4997 5.1442
6.3612 7.955
1.6927 0.24548
1.0419 0.64714
-0.96275 9.8342
4.1775 9.8708
5.4821 0.69153
2.4016 5.1636
6.4417 7.8957
1.7262 0.33972
0.94528 0.62148
-0.96719 9.9341
4.2627 9.923
5.5475 0.76714
2.3496 5.249
6.4532 7.7964
1.6459 0.39941
0.85228 0.65825
-0.87498 9.9728
4.3627 9.9248
5.5809 0.8614
2.2863 5.1715
6.3546 7.8134
1.639 0.29965
0.86963 0.75673
-0.88102 10.073
4.3621 9.8248
5.668 0.81213
2.3751 5.2175
6.2836 7.743
1.5935 0.21059
0.76963 0.75735
-0.79884 10.13
4.4404 9.7626
5.7466 0.87394
2.2944 5.2766
6.3688 7.6905
1.6923 0.19482
0.77341 0.85728
-0.89357 10.162
4.4421 9.6626
5.723 0.77675
2.2219 5.3455
6.2702 7.6735
1.6052 0.1456
0.86357 0.90052
-0.92477 10.067
4.4171 9.7595
5.6663 0.6944
2.1286 5.3815
6.2605 7.7731
1.5395 0.22099
0.961 0.92305
-0.90318 10.164
4.4474 9.6642
5.6749 0.79403
2.1451 5.2828
6.2303 7.8684
1.6395 0.22165
1.0265 0.84745
-0.86142 10.073
4.36 9.7128
5.5857 0.83923
2.1742 5.1872
6.2985 7.7953
1.5946 0.311
0.92663 0.8417
-0.96111 10.066
4.3273 9.8073
5.5794 0.73943
2.0776 5.2132
6.3281 7.6997
1.5134 0.36937
0.99016 0.76448
-1.0608 10.058
4.3125 9.9062
5.5648 0.6405
2.1202 5.1227
6.4245 7.7263
1.603 0.32486
1.0543 0.84118
-0.99023 9.9875
4.4002 9.8581
5.6485 0.58581
2.029 5.1637
6.4048 7.6283
1.5897 0.22574
0.95549 0.85639
-0.92166 10.06
4.3293 9.7876
5.7306 0.52874
2.1152 5.113
6.3596 7.5391
1.5143 0.29137
1.0503 0.88815
-1.01 10.013
4.2714 9.8692
5.8256 0.56015
2.2106 5.0831
6.3618 7.4391
1.4505 0.36839
1.0494 0.78816
-0.91145 9.9966
4.2502 9.7714
5.7806 0.47084
2.2627 4.9977
6.371 7.5387
1.3549 0.33914
1.0452 0.68825
-0.84358 9.9232
4.2899 9.8632
5.8582 0.40778
2.3622 5.0076
6.4668 7.5675
1.2628 0.37815
1.1072 0.60984
-0.81055 10.018
4.3606 9.7925
5.7595 0.42342
2.4484 5.0583
6.4144 7.6527
1.3535 0.33602
1.1949 0.56178
-0.71466 10.046
4.2612 9.8033
5.802 0.51391
2.4175 5.1535
6.4982 7.7072
1.4509 0.31332
1.1026 0.5233
-0.63715 10.109
4.2536 9.7036
5.7036 0.49599
2.3743 5.2436
6.3989 7.696
1.3509 0.31323
1.1576 0.43978
-0.53736 10.116
4.2405 9.6044
5.8018 0.5153
2.2907 5.2985
6.3134 7.644
1.2594 0.35365
1.0614 0.467
-0.51807 10.018
4.3336 9.5679
5.7093 0.47708
2.2824 5.3981
6.2142 7.6565
1.1717 0.4016
0.9652 0.43976
-0.57446 9.935
4.2336 9.5697
5.7114 0.3771
2.2074 5.4643
6.2557 7.7475
1.152 0.49965
1.0233 0.52112
-0.60355 9.8393
4.2909 9.4877
5.7737 0.45532
2.1088 5.4482
6.1902 7.6719
1.0542 0.52022
0.9827 0.42975
-0.69622 9.8769
4.2445 9.3991
5.7393 0.5492
2.0365 5.5173
6.1854 7.572
0.95712 0.54437
0.99956 0.33118
-0.78421 9.9244
4.3343 9.3551
5.7243 0.64808
2.1349 5.4996
6.2296 7.6617
0.85712 0.54514
0.9123 0.38001
-0.83109 10.013
4.4228 9.3086
5.63 0.68141
2.1111 5.4025
6.2524 7.5644
0.76684 0.58814
0.88254 0.47548
-0.78498 10.101
4.3262 9.2829
5.7296 0.69086
2.1705 5.322
6.3518 7.553
0.67998 0.6377
0.87963 0.57544
-0.86579 10.043
4.2303 9.2544
5.6883 0.78195
2.078 5.2838
6.3102 7.4621
0.74805 0.56444
0.80479 0.50911
-0.79005 9.9773
4.2852 9.1708
5.7618 0.71409
2.0978 5.1858
6.308 7.3621
0.69475 0.64905
0.90107 0.53614
-0.70515 9.9244
4.2403 9.0814
5.77 0.61443
2.1975 5.1781
6.2601 7.2744
0.62553 0.72122
0.93844 0.6289
-0.66885 9.8312
4.2908 9.1677
5.7313 0.52222
2.173 5.0812
6.1607 7.2857
0.72497 0.73183
0.88626 0.54359
-0.64335 9.7345
4.2141 9.232
5.6466 0.46908
2.2525 5.0204
6.2426 7.2283
0.82494 0.72949
0.85687 0.63917
-0.54791 9.7047
4.298 9.2864
5.7231 0.40472
2.1526 5.0152
6.1464 7.201
0.72966 0.69912
0.86078 0.7391
-0.4769 9.6343
4.24 9.3678
5.814 0.36308
2.0953 4.9332
6.242 7.1714
0.80038 0.76983
0.92532 0.66271
-0.568 9.6756
4.2282 9.4671
5.7378 0.42778
2.1456 5.0197
6.3272 7.119
0.9 0.77853
1.0164 0.62138
-0.57775 9.7751
4.1983 9.3717
5.6378 0.42731
2.0618 5.0742
6.4138 7.1689
0.84281 0.86056
1.0777 0.70035
-0.6777 9.772
4.0992 9.3588
5.5399 0.40701
2.1361 5.1411
6.4472 7.0747
0.83729 0.76072
1.0587 0.60218
-0.75487 9.8356
4.0093 9.3149
5.446 0.44138
2.1166 5.043
6.4199 7.1709
0.87797 0.85207
1.0329 0.50556
-0.65684 9.8158
4.0213 9.2156
5.3542 0.40159
2.2132 5.0689
6.357 7.0931
0.96673 0.80601
0.96483 0.57882
-0.5825 9.8827
4.0813 9.2956
5.3288 0.49831
2.2952 5.1262
6.4389 7.1506
1.0496 0.86193
1.0182 0.6634
-0.55426 9.7868
3.994 9.2468
5.2416 0.5472
2.1983 5.1513
6.3416 7.1273
1.0668 0.76341
0.92155 0.63767
-0.5803 9.8833
3.9904 9.1469
5.3356 0.51329
2.1015 5.176
6.4412 7.1359
1.1663 0.77326
0.94355 0.54012
-0.64848 9.8102
3.9241 9.072
5.4053 0.58505
2.1716 5.2473
6.5389 7.1144
1.0667 0.7643
0.99644 0.45525
-0.73641 9.8578
3.8844 9.1638
5.4645 0.5045
2.2039 5.3419
6.4956 7.0242
0.96669 0.76284
1.0869 0.41254
-0.73198 9.7579
3.9828 9.1816
5.4273 0.5973
2.2149 5.2425
6.4708 6.9274
1.065 0.78093
1.1436 0.49491
-0.69507 9.8508
3.8922 9.2239
5.3282 0.61076
2.3092 5.276
6.4095 7.0064
0.97344 0.74081
1.0602 0.43966
-0.70111 9.9507
3.9132 9.3216
5.374 0.52187
2.3155 5.1762
6.3595 6.9199
1.0234 0.82743
0.97572 0.38616
-0.66883 10.045
3.8783 9.2279
5.2769 0.49824
2.3231 5.0765
6.2921 6.846
1.1208 0.84999
0.89645 0.3252
-0.60067 9.9721
3.9389 9.3074
5.3465 0.42642
2.4227 5.0684
6.392 6.8514
1.051 0.77837
0.88209 0.22624
-0.54882 9.8866
4.0369 9.3275
5.2688 0.48946
2.3461 5.1326
6.4897 6.8303
0.98473 0.70352
0.7838 0.24466
-0.57681 9.9826
3.9885 9.4151
5.335 0.41453
2.4314 5.1848
6.394 6.8592
1.0503 0.77902
0.86784 0.29886
-0.49811 9.9209
3.9068 9.4727
5.2853 0.32775
2.3799 5.0991
6.349 6.9486
1.0049 0.68994
0.8741 0.39867
-0.59123 9.9574
3.8436 9.3952
5.2979 0.22855
2.4792 5.0876
6.4489 6.9435
1.0168 0.59065
0.97309 0.41286
-0.56117 10.053
3.931 9.4438
5.3978 0.22324
2.5739 5.1197
6.3873 6.8647
0.9273 0.63532
0.88026 0.45003
-0.65583 10.085
3.8345 9.4177
5.3205 0.28668
2.4758 5.1391
6.4831 6.8934
0.92312 0.73524
0.93575 0.53322
-0.73696 10.027
3.9321 9.4394
5.4204 0.29053
2.5603 5.0857
6.5778 6.9255
0.91882 0.63533
0.9053 0.62847
-0.67547 9.9477
3.8815 9.3532
5.3584 0.21211
2.4628 5.0637
6.6358 6.8441
0.84125 0.69844
0.85739 0.71625
-0.77547 9.9482
3.979 9.331
5.2627 0.2411
2.5409 5.1261
6.6329 6.7441
0.77718 0.62166
0.76158 0.68762
-0.70856 9.8739
3.8799 9.3177
5.1976 0.31706
2.5753 5.22
6.7092 6.8087
0.70137 0.68687
0.80879 0.59947
-0.65568 9.789
3.8545 9.4144
5.0976 0.31721
2.5634 5.3193
6.8087 6.8191
0.75821 0.76915
0.87512 0.52463
-0.65585 9.689
3.8118 9.324
5.083 0.41613
2.5679 5.2194
6.867 6.7378
0.75506 0.8691
0.97488 0.51773
-0.74203 9.6383
3.7895 9.4215
4.995 0.36859
2.6631 5.1889
6.8476 6.6397
0.75598 0.96909
0.90818 0.59223
-0.6855 9.5558
3.8843 9.3898
4.9645 0.46381
2.6876 5.092
6.9448 6.6163
