group_3_3_triangle.txt
environment.txt
4.0026 7.2414
9.2886 9.4011
9.3114 3.4223
4.0026 7.2414
8.774 9.2297
9.0684 4.3044
4.0026 7.2414
8.2019 9.2734
8.635 4.8712
4.0026 7.2414
7.7631 9.1284
8.2776 5.8086
4.0026 7.2414
7.2913 8.8377
8.328 6.3169
4.0026 7.2414
7.168 8.613
7.5608 6.9273
4.0026 7.2414
7.3639 8.0745
7.4314 7.6196
4.0026 7.2414
7.1034 7.9029
7.1181 7.8915
4.0026 7.2414
6.6595 8.3312
6.6847 8.073
4.0026 7.2414
6.8154 8.6571
6.9261 8.474
4.0026 7.2414
6.5898 8.9241
6.6117 8.9113
4.0026 7.2414
6.3682 9.2469
6.26 9.2217
4.0026 7.2414
6.2293 9.543
6.245 9.5227
4.0026 7.2414
6.1345 9.6057
6.1604 9.5761
4.0026 7.2414
6.1145 9.533
6.1114 9.5783
4.0026 7.2414
6.2601 9.6655
6.2455 9.5838
4.0026 7.2414
6.1781 9.8279
6.075 9.7867
4.0026 7.2414
6.1935 9.9072
6.2315 9.8934
4.0026 7.2414
6.1935 9.9072
6.2315 9.8934
4.0026 7.2414
6.1935 9.9072
6.2315 9.8934
4.0026 7.2414
6.1935 9.9072
6.2315 9.8934
4.0026 7.2414
6.1935 9.9072
6.2315 9.8934
4.0026 7.2414
6.1935 9.9072
6.2315 9.8934
4.0026 7.2414
6.1935 9.9072
6.2315 9.8934
4.0026 7.2414
6.1935 9.9072
6.2315 9.8934
4.0026 7.2414
6.1935 9.9072
6.2315 9.8934
4.0026 7.2414
6.1935 9.9072
6.2315 9.8934
4.0026 7.2414
6.1935 9.9072
6.2315 9.8934
4.0026 7.2414
6.1935 9.9072
6.2315 9.8934
4.0026 7.2414
6.1935 9.9072
6.2315 9.8934
4.0026 7.2414
6.1935 9.9072
6.2315 9.8934
4.0026 7.2414
6.1935 9.9072
6.2315 9.8934
4.0026 7.2414
6.1935 9.9072
6.2315 9.8934
4.0026 7.2414
6.1935 9.9072
6.2315 9.8934
4.0026 7.2414
6.1935 9.9072
6.2315 9.8934
4.0026 7.2414
6.1935 9.9072
6.2315 9.8934
4.0026 7.2414
6.1935 9.9072
6.2315 9.8934
4.0026 7.2414
6.1935 9.9072
6.2315 9.8934
4.0026 7.2414
6.1935 9.9072
6.2315 9.8934
4.0026 7.2414
6.1935 9.9072
6.2315 9.8934
4.0026 7.2414
6.1935 9.9072
6.2315 9.8934
4.0026 7.2414
6.1935 9.9072
6.2315 9.8934
4.0026 7.2414
6.1935 9.9072
6.2315 9.8934
4.0026 7.2414
6.1935 9.9072
6.2315 9.8934
4.0026 7.2414
6.1935 9.9072
6.2315 9.8934
4.0026 7.2414
6.1935 9.9072
6.2315 9.8934
4.0026 7.2414
6.1935 9.9072
6.2315 9.8934
4.0026 7.2414
6.1935 9.9072
6.2315 9.8934
4.0026 7.2414
6.1935 9.9072
6.2315 9.8934
4.0026 7.2414
6.1935 9.9072
6.2315 9.8934
4.0026 7.2414
6.1935 9.9072
6.2315 9.8934
4.0026 7.2414
6.1935 9.9072
6.2315 9.8934
4.0026 7.2414
6.1935 9.9072
6.2315 9.8934
4.0026 7.2414
6.1935 9.9072
6.2315 9.8934
4.0026 7.2414
6.1935 9.9072
6.2315 9.8934
4.0026 7.2414
6.1935 9.9072
6.2315 9.8934
4.0026 7.2414
6.1935 9.9072
6.2315 9.8934
4.0026 7.2414
6.1935 9.9072
6.2315 9.8934
4.0026 7.2414
6.1935 9.9072
6.2315 9.8934
4.0026 7.2414
6.1935 9.9072
6.2315 9.8934
4.0026 7.2414
6.1935 9.9072
6.2315 9.8934
4.0026 7.2414
6.1935 9.9072
6.2315 9.8934
4.0026 7.2414
6.1935 9.9072
6.2315 9.8934
4.0026 7.2414
6.1935 9.9072
6.2315 9.8934
4.0026 7.2414
6.1935 9.9072
6.2315 9.8934
4.0026 7.2414
6.1935 9.9072
6.2315 9.8934
4.0026 7.2414
6.1935 9.9072
6.2315 9.8934
4.0026 7.2414
6.1935 9.9072
6.2315 9.8934
4.0026 7.2414
6.1935 9.9072
6.2315 9.8934
4.0026 7.2414
6.1935 9.9072
6.2315 9.8934
4.0026 7.2414
6.1935 9.9072
6.2315 9.8934
4.0026 7.2414
6.1935 9.9072
6.2315 9.8934
4.0026 7.2414
6.1935 9.9072
6.2315 9.8934
4.0026 7.2414
6.1935 9.9072
6.2315 9.8934
4.0026 7.2414
6.1935 9.9072
6.2315 9.8934
4.0026 7.2414
6.1935 9.9072
6.2315 9.8934
4.0026 7.2414
6.1935 9.9072
6.2315 9.8934
4.0026 7.2414
6.1935 9.9072
6.2315 9.8934
4.0026 7.2414
6.1935 9.9072
6.2315 9.8934
4.0026 7.2414
6.1935 9.9072
6.2315 9.8934
4.0026 7.2414
6.1935 9.9072
6.2315 9.8934
4.0026 7.2414
6.1935 9.9072
6.2315 9.8934
4.0026 7.2414
6.1935 9.9072
6.2315 9.8934
4.0026 7.2414
6.1935 9.9072
6.2315 9.8934
4.0026 7.2414
6.1935 9.9072
6.2315 9.8934
4.0026 7.2414
6.1935 9.9072
6.2315 9.8934
4.0026 7.2414
6.1935 9.9072
6.2315 9.8934
4.0026 7.2414
6.1935 9.9072
6.2315 9.8934
4.0026 7.2414
6.1935 9.9072
6.2315 9.8934
4.0026 7.2414
6.1935 9.9072
6.2315 9.8934
4.0026 7.2414
6.1935 9.9072
6.2315 9.8934
4.0026 7.2414
6.1935 9.9072
6.2315 9.8934
4.0026 7.2414
6.1935 9.9072
6.2315 9.8934
4.0026 7.2414
6.1935 9.9072
6.2315 9.8934
4.0026 7.2414
6.1935 9.9072
6.2315 9.8934
4.0026 7.2414
6.1935 9.9072
6.2315 9.8934
4.0026 7.2414
6.1935 9.9072
6.2315 9.8934
4.0026 7.2414
6.1935 9.9072
6.2315 9.8934
4.0026 7.2414
6.1935 9.9072
6.2315 9.8934
4.0026 7.2414
6.1935 9.9072
6.2315 9.8934
4.0026 7.2414
6.1935 9.9072
6.2315 9.8934
4.0026 7.2414
6.1935 9.9072
6.2315 9.8934
4.0026 7.2414
6.1935 9.9072
6.2315 9.8934
4.0026 7.2414
6.1935 9.9072
6.2315 9.8934
4.0026 7.2414
6.1935 9.9072
6.2315 9.8934
4.0026 7.2414
6.1935 9.9072
6.2315 9.8934
4.0026 7.2414
6.1935 9.9072
6.2315 9.8934
4.0026 7.2414
6.1935 9.9072
6.2315 9.8934
4.0026 7.2414
6.1935 9.9072
6.2315 9.8934
4.0026 7.2414
6.1935 9.9072
6.2315 9.8934
4.0026 7.2414
6.1935 9.9072
6.2315 9.8934
4.0026 7.2414
6.1935 9.9072
6.2315 9.8934
4.0026 7.2414
6.1935 9.9072
6.2315 9.8934
4.0026 7.2414
6.1935 9.9072
6.2315 9.8934
4.0026 7.2414
6.1935 9.9072
6.2315 9.8934
4.0026 7.2414
6.1935 9.9072
6.2315 9.8934
4.0026 7.2414
6.1935 9.9072
6.2315 9.8934
4.0026 7.2414
6.1935 9.9072
6.2315 9.8934
4.0026 7.2414
6.1935 9.9072
6.2315 9.8934
4.0026 7.2414
6.1935 9.9072
6.2315 9.8934
4.0026 7.2414
6.1935 9.9072
6.2315 9.8934
4.0026 7.2414
6.1935 9.9072
6.2315 9.8934
4.0026 7.2414
6.1935 9.9072
6.2315 9.8934
4.0026 7.2414
6.1935 9.9072
6.2315 9.8934
4.0026 7.2414
6.1935 9.9072
6.2315 9.8934
4.0026 7.2414
6.1935 9.9072
6.2315 9.8934
4.0026 7.2414
6.1935 9.9072
6.2315 9.8934
4.0026 7.2414
6.1935 9.9072
6.2315 9.8934
4.0026 7.2414
6.1935 9.9072
6.2315 9.8934
4.0026 7.2414
6.1935 9.9072
6.2315 9.8934
4.0026 7.2414
6.1935 9.9072
6.2315 9.8934
4.0026 7.2414
6.1935 9.9072
6.2315 9.8934
4.0026 7.2414
6.1935 9.9072
6.2315 9.8934
4.0026 7.2414
6.1935 9.9072
6.2315 9.8934
4.0026 7.2414
6.1935 9.9072
6.2315 9.8934
4.0026 7.2414
6.1935 9.9072
6.2315 9.8934
4.0026 7.2414
6.1935 9.9072
6.2315 9.8934
4.0026 7.2414
6.1935 9.9072
6.2315 9.8934
4.0026 7.2414
6.1935 9.9072
6.2315 9.8934
4.0026 7.2414
6.1935 9.9072
6.2315 9.8934
4.0026 7.2414
6.1935 9.9072
6.2315 9.8934
4.0026 7.2414
6.1935 9.9072
6.2315 9.8934
4.0026 7.2414
6.1935 9.9072
6.2315 9.8934
4.0026 7.2414
6.1935 9.9072
6.2315 9.8934
4.0026 7.2414
6.1935 9.9072
6.2315 9.8934
4.0026 7.2414
6.1935 9.9072
6.2315 9.8934
4.0026 7.2414
6.1935 9.9072
6.2315 9.8934
4.0026 7.2414
6.1935 9.9072
6.2315 9.8934
4.0026 7.2414
6.1935 9.9072
6.2315 9.8934
4.0026 7.2414
6.1935 9.9072
6.2315 9.8934
4.0026 7.2414
6.1935 9.9072
6.2315 9.8934
4.0026 7.2414
6.1935 9.9072
6.2315 9.8934
4.0026 7.2414
6.1935 9.9072
6.2315 9.8934
4.0026 7.2414
6.1935 9.9072
6.2315 9.8934
4.0026 7.2414
6.1935 9.9072
6.2315 9.8934
4.0026 7.2414
6.1935 9.9072
6.2315 9.8934
4.0026 7.2414
6.1935 9.9072
6.2315 9.8934
4.0026 7.2414
6.1935 9.9072
6.2315 9.8934
4.0026 7.2414
6.1935 9.9072
6.2315 9.8934
4.0026 7.2414
6.1935 9.9072
6.2315 9.8934
4.0026 7.2414
6.1935 9.9072
6.2315 9.8934
4.0026 7.2414
6.1935 9.9072
6.2315 9.8934
4.0026 7.2414
6.1935 9.9072
6.2315 9.8934
4.0026 7.2414
6.1935 9.9072
6.2315 9.8934
4.0026 7.2414
6.1935 9.9072
6.2315 9.8934
4.0026 7.2414
6.1935 9.9072
6.2315 9.8934
4.0026 7.2414
6.1935 9.9072
6.2315 9.8934
4.0026 7.2414
6.1935 9.9072
6.2315 9.8934
4.0026 7.2414
6.1935 9.9072
6.2315 9.8934
4.0026 7.2414
6.1935 9.9072
6.2315 9.8934
4.0026 7.2414
6.1935 9.9072
6.2315 9.8934
4.0026 7.2414
6.1935 9.9072
6.2315 9.8934
4.0026 7.2414
6.1935 9.9072
6.2315 9.8934
4.0026 7.2414
6.1935 9.9072
6.2315 9.8934
4.0026 7.2414
6.1935 9.9072
6.2315 9.8934
4.0026 7.2414
6.1935 9.9072
6.2315 9.8934
4.0026 7.2414
6.1935 9.9072
6.2315 9.8934
4.0026 7.2414
6.1935 9.9072
6.2315 9.8934
4.0026 7.2414
6.1935 9.9072
6.2315 9.8934
4.0026 7.2414
6.1935 9.9072
6.2315 9.8934
4.0026 7.2414
6.1935 9.9072
6.2315 9.8934
4.0026 7.2414
6.1935 9.9072
6.2315 9.8934
4.0026 7.2414
6.1935 9.9072
6.2315 9.8934
4.0026 7.2414
6.1935 9.9072
6.2315 9.8934
4.0026 7.2414
6.1935 9.9072
6.2315 9.8934
4.0026 7.2414
6.1935 9.9072
6.2315 9.8934
4.0026 7.2414
6.1935 9.9072
6.2315 9.8934
4.0026 7.2414
6.1935 9.9072
6.2315 9.8934
4.0026 7.2414
6.1935 9.9072
6.2315 9.8934
4.0026 7.2414
6.1935 9.9072
6.2315 9.8934
4.0026 7.2414
6.1935 9.9072
6.2315 9.8934
4.0026 7.2414
6.1935 9.9072
6.2315 9.8934
4.0026 7.2414
6.1935 9.9072
6.2315 9.8934
4.0026 7.2414
6.1935 9.9072
6.2315 9.8934
4.0026 7.2414
6.1935 9.9072
6.2315 9.8934
4.0026 7.2414
6.1935 9.9072
6.2315 9.8934
4.0026 7.2414
6.1935 9.9072
6.2315 9.8934
4.0026 7.2414
6.1935 9.9072
6.2315 9.8934
4.0026 7.2414
6.1935 9.9072
6.2315 9.8934
4.0026 7.2414
6.1935 9.9072
6.2315 9.8934
4.0026 7.2414
6.1935 9.9072
6.2315 9.8934
4.0026 7.2414
6.1935 9.9072
6.2315 9.8934
4.0026 7.2414
6.1935 9.9072
6.2315 9.8934
4.0026 7.2414
6.1935 9.9072
6.2315 9.8934
4.0026 7.2414
6.1935 9.9072
6.2315 9.8934
4.0026 7.2414
6.1935 9.9072
6.2315 9.8934
4.0026 7.2414
6.1935 9.9072
6.2315 9.8934
4.0026 7.2414
6.1935 9.9072
6.2315 9.8934
4.0026 7.2414
6.1935 9.9072
6.2315 9.8934
4.0026 7.2414
6.1935 9.9072
6.2315 9.8934
4.0026 7.2414
6.1935 9.9072
6.2315 9.8934
4.0026 7.2414
6.1935 9.9072
6.2315 9.8934
4.0026 7.2414
6.1935 9.9072
6.2315 9.8934
4.0026 7.2414
6.1935 9.9072
6.2315 9.8934
4.0026 7.2414
6.1935 9.9072
6.2315 9.8934
4.0026 7.2414
6.1935 9.9072
6.2315 9.8934
4.0026 7.2414
6.1935 9.9072
6.2315 9.8934
4.0026 7.2414
6.1935 9.9072
6.2315 9.8934
4.0026 7.2414
6.1935 9.9072
6.2315 9.8934
4.0026 7.2414
6.1935 9.9072
6.2315 9.8934
4.0026 7.2414
6.1935 9.9072
6.2315 9.8934
4.0026 7.2414
6.1935 9.9072
6.2315 9.8934
4.0026 7.2414
6.1935 9.9072
6.2315 9.8934
4.0026 7.2414
6.1935 9.9072
6.2315 9.8934
4.0026 7.2414
6.1935 9.9072
6.2315 9.8934
4.0026 7.2414
6.1935 9.9072
6.2315 9.8934
4.0026 7.2414
6.1935 9.9072
6.2315 9.8934
4.0026 7.2414
6.1935 9.9072
6.2315 9.8934
4.0026 7.2414
6.1935 9.9072
6.2315 9.8934
4.0026 7.2414
6.1935 9.9072
6.2315 9.8934
4.0026 7.2414
6.1935 9.9072
6.2315 9.8934
4.0026 7.2414
6.1935 9.9072
6.2315 9.8934
4.0026 7.2414
6.1935 9.9072
6.2315 9.8934
4.0026 7.2414
6.1935 9.9072
6.2315 9.8934
4.0026 7.2414
6.1935 9.9072
6.2315 9.8934
4.0026 7.2414
6.1935 9.9072
6.2315 9.8934
4.0026 7.2414
6.1935 9.9072
6.2315 9.8934
4.0026 7.2414
6.1935 9.9072
6.2315 9.8934
4.0026 7.2414
6.1935 9.9072
6.2315 9.8934
4.0026 7.2414
6.1935 9.9072
6.2315 9.8934
4.0026 7.2414
6.1935 9.9072
6.2315 9.8934
4.0026 7.2414
6.1935 9.9072
6.2315 9.8934
4.0026 7.2414
6.1935 9.9072
6.2315 9.8934
4.0026 7.2414
6.1935 9.9072
6.2315 9.8934
4.0026 7.2414
6.1935 9.9072
6.2315 9.8934
4.0026 7.2414
6.1935 9.9072
6.2315 9.8934
4.0026 7.2414
6.1935 9.9072
6.2315 9.8934
4.0026 7.2414
6.1935 9.9072
6.2315 9.8934
4.0026 7.2414
6.1935 9.9072
6.2315 9.8934
4.0026 7.2414
6.1935 9.9072
6.2315 9.8934
